   6.119947433472e-01
   1.715542435646e+00
   2.658658742905e+00
   3.443229913712e+00
   4.096693515778e+00
   4.746827602386e+00
   5.511927127838e+00
   6.400540828705e+00
   7.398293495178e+00
   8.494576454163e+00
   9.681780815125e+00
   1.095397281647e+01
   1.230632400513e+01
   1.373466396332e+01
   1.523532676697e+01
   1.680505180359e+01
   1.844085311890e+01
   2.014005851746e+01
   2.190027046204e+01
   2.371946716309e+01
   2.559604644775e+01
   2.752894783020e+01
   2.951775932312e+01
   3.156264877319e+01
   3.366430664062e+01
   3.582364273071e+01
   3.804148101807e+01
   4.031825256348e+01
   4.265384674072e+01
   4.504753875732e+01
   4.749803161621e+01
   5.000358963013e+01
   5.256211853027e+01
   5.517126464844e+01
   5.782850646973e+01
   6.053119277954e+01
   6.327661132812e+01
   6.606194305420e+01
   6.888437652588e+01
   7.174103546143e+01
   7.462903594971e+01
   7.754544067383e+01
   8.048735809326e+01
   8.345180511475e+01
   8.643582153320e+01
   8.943644714355e+01
   9.245070648193e+01
   9.547558593750e+01
   9.850811767578e+01
   1.015452804565e+02
   1.045840835571e+02
   1.076215438843e+02
   1.106546554565e+02
   1.136804199219e+02
   1.166958923340e+02
   1.196980438232e+02
   1.226839599609e+02
   1.256506805420e+02
   1.285952911377e+02
   1.315148620605e+02
   1.344065399170e+02
   1.372674560547e+02
   1.400947723389e+02
   1.428856964111e+02
   1.456374206543e+02
   1.483472442627e+02
   1.510124206543e+02
   1.536303100586e+02
   1.561982421875e+02
   1.587136230469e+02
   1.611739196777e+02
   1.635765686035e+02
   1.659191131592e+02
   1.681991271973e+02
   1.704141387939e+02
   1.725618286133e+02
   1.746398162842e+02
   1.766458435059e+02
   1.785775756836e+02
   1.804327697754e+02
   1.822091827393e+02
   1.839044342041e+02
   1.855163269043e+02
   1.870424194336e+02
   1.884802856445e+02
   1.898272094727e+02
   1.910802459717e+02
   1.922359466553e+02
   1.932898406982e+02
   1.942315826416e+02
   1.950375823975e+02
   1.957694244385e+02
   1.965425720215e+02
   1.966457672119e+02
   1.975048217773e+02
   1.984503936768e+02
   1.994274139404e+02
   2.004054412842e+02
   2.072073059082e+02
   2.187040710449e+02
