   1.450050980121e+01
   4.239554694505e+01
   6.880579777873e+01
   9.374512759111e+01
   1.172261475298e+02
   1.392602160541e+02
   1.598574391359e+02
   1.790266692039e+02
   1.967755028285e+02
   2.131102771405e+02
   2.280360649799e+02
   2.415566687659e+02
   2.536746130821e+02
   2.643911359678e+02
   2.737061789071e+02
   2.816183755042e+02
   2.881250388365e+02
   2.932221474813e+02
   2.969043850935e+02
   2.991944553537e+02
   3.007231471010e+02
   3.026170577522e+02
   3.049731826281e+02
   3.077112307657e+02
   3.107862282794e+02
   3.141685345480e+02
   3.178366521831e+02
   3.217740234724e+02
   3.259673558434e+02
   3.304056483391e+02
   3.350795810562e+02
   3.399811098034e+02
   3.451031848038e+02
   3.504395484237e+02
   3.559845854270e+02
   3.617332093911e+02
   3.676807747619e+02
   3.738230075507e+02
   3.801559498810e+02
   3.866759150244e+02
   3.933794505105e+02
   4.002633075463e+02
   4.073244154296e+02
   4.145598599633e+02
   4.219668651086e+02
   4.295427772860e+02
   4.372850518592e+02
   4.451912414330e+02
   4.532589856714e+02
   4.614860023957e+02
   4.698700797683e+02
   4.784090694037e+02
   4.871008802734e+02
   4.959434732947e+02
   5.049348565129e+02
   5.140730807983e+02
   5.233562359916e+02
   5.327824474451e+02
   5.423498729076e+02
   5.520566997165e+02
   5.619011422591e+02
   5.718814396730e+02
   5.819958537606e+02
   5.922426670931e+02
   6.026201812845e+02
   6.131267154182e+02
   6.237606046101e+02
   6.345201986955e+02
   6.454038610261e+02
   6.564099673684e+02
   6.675369048926e+02
   6.787830712438e+02
   6.901468736886e+02
   7.016267283293e+02
   7.132210593810e+02
   7.249282985044e+02
   7.367468841919e+02
   7.486752611997e+02
   7.607118800246e+02
   7.728551964201e+02
   7.851036709497e+02
   7.974557685736e+02
   8.099099582668e+02
   8.224647126662e+02
   8.351185077438e+02
   8.478698225044e+02
   8.607171387069e+02
   8.736589406055e+02
   8.866937147112e+02
   8.998199495712e+02
   9.130361355652e+02
   9.263407647174e+02
   9.397323305228e+02
   9.532093277877e+02
   9.667702524823e+02
   9.804136016057e+02
   9.941378730612e+02
   1.007941565543e+03
   1.021823178431e+03
   1.035781211698e+03
   1.049814165819e+03
   1.063920541696e+03
   1.078098840587e+03
   1.092347564039e+03
   1.106665213832e+03
   1.121050291927e+03
   1.135501300423e+03
   1.150016741514e+03
   1.164595117453e+03
   1.179234930528e+03
   1.193934683028e+03
   1.208692877230e+03
   1.223508015376e+03
   1.238378599663e+03
   1.253303132234e+03
   1.268280115168e+03
   1.283308050482e+03
   1.298385440127e+03
   1.313510785993e+03
   1.328682589917e+03
   1.343899353686e+03
   1.359159579053e+03
   1.374461767748e+03
   1.389804421492e+03
   1.405186042018e+03
   1.420605131087e+03
   1.436060190510e+03
   1.451549722172e+03
   1.467072228056e+03
   1.482626210269e+03
   1.498210171067e+03
   1.513822612890e+03
   1.529462038386e+03
   1.545126950445e+03
   1.560815852233e+03
   1.576527247222e+03
   1.592259639226e+03
   1.608011532439e+03
   1.623781431467e+03
   1.639567841368e+03
   1.655369267687e+03
   1.671184216498e+03
   1.687011194440e+03
   1.702848708758e+03
   1.718695267342e+03
   1.734549378767e+03
   1.750409552336e+03
   1.766274298119e+03
   1.782142126993e+03
   1.798011550686e+03
   1.813881081819e+03
   1.829749233942e+03
   1.845614521583e+03
   1.861475460285e+03
   1.877330566647e+03
   1.893178358367e+03
   1.909017354284e+03
   1.924846074413e+03
   1.940663039992e+03
   1.956466773517e+03
   1.972255798784e+03
   1.988028640924e+03
   2.003783826446e+03
   2.019519883269e+03
   2.035235340761e+03
   2.050928729774e+03
   2.066598582676e+03
   2.082243433387e+03
   2.097861817411e+03
   2.113452271862e+03
   2.129013335498e+03
   2.144543548745e+03
   2.160041453723e+03
   2.175505594271e+03
   2.190934515967e+03
   2.206326766149e+03
   2.221680893928e+03
   2.236995450209e+03
   2.252268987694e+03
   2.267500060896e+03
   2.282687226143e+03
   2.297829041580e+03
   2.312924067162e+03
   2.327970864654e+03
   2.342967997617e+03
   2.357914031389e+03
   2.372807533069e+03
   2.387647071486e+03
   2.402431217170e+03
   2.417158542306e+03
   2.431827620692e+03
   2.446437027682e+03
   2.460985340123e+03
   2.475471136280e+03
   2.489892995754e+03
   2.504249499387e+03
   2.518539229156e+03
   2.532760768051e+03
   2.546912699944e+03
   2.560993609432e+03
   2.575002081678e+03
   2.588936702213e+03
   2.602796056735e+03
   2.616578730873e+03
   2.630283309932e+03
   2.643908378602e+03
   2.657452520643e+03
   2.670914318530e+03
   2.684292353060e+03
   2.697585202917e+03
   2.710791444186e+03
   2.723909649813e+03
   2.736938389005e+03
   2.749876226561e+03
   2.762721722125e+03
   2.775473429351e+03
   2.788129894970e+03
   2.800689657747e+03
   2.813151247303e+03
   2.825513182800e+03
   2.837773971449e+03
   2.849932106831e+03
   2.861986066994e+03
   2.873934312292e+03
   2.885775282922e+03
   2.897507396111e+03
   2.909129042894e+03
   2.920638584400e+03
   2.932034347569e+03
   2.943314620175e+03
   2.954477645029e+03
   2.965521613186e+03
   2.976444655933e+03
   2.987244835303e+03
   2.997920132742e+03
   3.008468435501e+03
   3.018887520195e+03
   3.029175032818e+03
   3.039328464297e+03
   3.049345120057e+03
   3.059222080471e+03
   3.068956145404e+03
   3.078543750711e+03
   3.087980845632e+03
   3.097262755490e+03
   3.106384169645e+03
   3.115339558351e+03
   3.124124091661e+03
   3.132733229413e+03
   3.141154403620e+03
   3.149340978282e+03
   3.157184236458e+03
   3.164627785858e+03
   3.171998438675e+03
   3.179744045810e+03
   3.187814824152e+03
   3.192733152178e+03
   3.196787086094e+03
   3.205216739797e+03
   3.213865502592e+03
   3.222559189034e+03
   3.231254634390e+03
   3.239927673629e+03
   3.241803798199e+03
   3.248561621402e+03
   3.257143659728e+03
   3.265663493491e+03
   3.274112429041e+03
   3.282482915735e+03
   3.290768233379e+03
   3.298962281005e+03
   3.307059427453e+03
   3.309106857456e+03
   3.315054401702e+03
   3.322942209775e+03
   3.330718069860e+03
   3.338377360233e+03
   3.345915576230e+03
   3.353328293706e+03
   3.360611137027e+03
   3.367759750201e+03
   3.374769769966e+03
   3.381636799905e+03
   3.388356384733e+03
   3.391069434720e+03
   3.394923983939e+03
   3.401334943987e+03
   3.407584468149e+03
   3.413667582960e+03
   3.419579100013e+03
   3.425313571521e+03
   3.430865237550e+03
   3.436227962111e+03
   3.441395154224e+03
   3.446359668400e+03
   3.451113676390e+03
   3.455648497904e+03
   3.459954370929e+03
   3.464020129992e+03
   3.467832737842e+03
   3.471376570696e+03
   3.474632259623e+03
   3.477574657156e+03
   3.480168859979e+03
   3.482361222145e+03
   3.486724935522e+03
   3.595797638164e+03
   3.718343802880e+03
   3.854624073665e+03
   4.005045629263e+03
   4.170132447356e+03
   4.350508988636e+03
   4.546891085789e+03
   4.760081067028e+03
   4.990965562969e+03
   5.240515130863e+03
   5.509785187481e+03
   5.799917940204e+03
   6.112145121688e+03
   6.447791404293e+03
   6.808278415450e+03
   7.195129304817e+03
   7.609973834332e+03
   8.054553976570e+03
   8.530730017266e+03
   9.040487165806e+03
   9.585942683693e+03
   1.016935354612e+04
   1.079312465606e+04
   1.145981763408e+04
   1.217216021063e+04
   1.293305625056e+04
   1.374559644306e+04
   1.461306969298e+04
   1.553897525264e+04
   1.652703563649e+04
   1.758121036383e+04
   1.870571057836e+04
   1.990501459660e+04
   2.118388444077e+04
   2.254738341544e+04
   2.400089479123e+04
   2.555014166293e+04
   2.720120805365e+04
   2.896056134143e+04
   3.083507608937e+04
   3.283205936562e+04
   3.495927764499e+04
   3.722498538969e+04
   3.963795541287e+04
   4.220751113508e+04
   4.494356085073e+04
   4.785663412882e+04
   5.095792048012e+04
   5.425931043110e+04
   5.777343915369e+04
   6.151373280918e+04
   6.549445777464e+04
   6.973077293023e+04
   7.423878519744e+04
   7.903560852971e+04
   8.413942656948e+04
   8.956955919909e+04
   9.534653322701e+04
   1.014921574659e+05
   1.080296024748e+05
   1.149834852550e+05
   1.223799592067e+05
   1.302468096723e+05
   1.386135554142e+05
   1.475115563938e+05
   1.569741282431e+05
   1.670366638445e+05
   1.777367624594e+05
   1.891143668730e+05
   2.012119090546e+05
   2.140744648595e+05
   2.277499183344e+05
   2.422891362224e+05
   2.577461532991e+05
   2.741783692124e+05
   2.916467575398e+05
   3.102160878206e+05
   3.299551613671e+05
   3.509370617114e+05
   3.732394205934e+05
   3.969447004553e+05
   4.221404944662e+05
   4.489198451635e+05
   4.773815828666e+05
   5.076306850883e+05
   5.397786582469e+05
   5.739439430623e+05
   6.102523451034e+05
   6.488374920491e+05
   6.898413193176e+05
   7.334145858244e+05
   7.797174217367e+05
   8.289199115713e+05
   8.812141091901e+05
