   1.936287106675e+02
   2.123936649716e+02
   2.304958922197e+02
   2.479397089839e+02
   2.647291835601e+02
   2.808681363168e+02
   2.963601399343e+02
   3.112085195338e+02
   3.254163526971e+02
   3.389864693753e+02
   3.519214516887e+02
   3.642236336141e+02
   3.758951005631e+02
   3.869376888479e+02
   3.973529850361e+02
   4.071423251936e+02
   4.163067940146e+02
   4.248472238395e+02
   4.327641935585e+02
   4.400580274028e+02
   4.467287936197e+02
   4.527763030341e+02
   4.582001075293e+02
   4.629995046841e+02
   4.671740906875e+02
   4.707427369710e+02
   4.739135236814e+02
   4.772251298556e+02
   4.809873467970e+02
   4.851826315559e+02
   4.897509909543e+02
   4.946496794026e+02
   4.998487634213e+02
   5.053260639665e+02
   5.110643389674e+02
   5.170496836916e+02
   5.232705627895e+02
   5.297171895703e+02
   5.363811084049e+02
   5.432549025532e+02
   5.503319830285e+02
   5.576064318518e+02
   5.650728830032e+02
   5.727264302257e+02
   5.805625544159e+02
   5.885770655975e+02
   5.967660559480e+02
   6.051258613398e+02
   6.136530295310e+02
   6.223442936169e+02
   6.311965496902e+02
   6.402068379038e+02
   6.493723263088e+02
   6.586902969759e+02
   6.681581340112e+02
   6.777733131535e+02
   6.875333927000e+02
   6.974360055578e+02
   7.074788522502e+02
   7.176596947416e+02
   7.279763509639e+02
   7.384266899494e+02
   7.490086274889e+02
   7.597201222468e+02
   7.705591722756e+02
   7.815238118802e+02
   7.926121087898e+02
   8.038221616021e+02
   8.151520974665e+02
   8.266000699819e+02
   8.381642572833e+02
   8.498428602982e+02
   8.616341011541e+02
   8.735362217223e+02
   8.855474822829e+02
   8.976661603004e+02
   9.098905492978e+02
   9.222189578210e+02
   9.346497084835e+02
   9.471811370859e+02
   9.598115918014e+02
   9.725394324229e+02
   9.853630296656e+02
   9.982807645204e+02
   1.011291027654e+03
   1.024392218853e+03
   1.037582746502e+03
   1.050861027105e+03
   1.064225484837e+03
   1.077674551123e+03
   1.091206664248e+03
   1.104820268995e+03
   1.118513816302e+03
   1.132285762948e+03
   1.146134571252e+03
   1.160058708799e+03
   1.174056648175e+03
   1.188126866728e+03
   1.202267846340e+03
   1.216478073209e+03
   1.230756037655e+03
   1.245100233926e+03
   1.259509160027e+03
   1.273981317554e+03
   1.288515211539e+03
   1.303109350303e+03
   1.317762245323e+03
   1.332472411104e+03
   1.347238365058e+03
   1.362058627391e+03
   1.376931721002e+03
   1.391856171381e+03
   1.406830506515e+03
   1.421853256808e+03
   1.436922954993e+03
   1.452038136060e+03
   1.467197337185e+03
   1.482399097661e+03
   1.497641958840e+03
   1.512924464072e+03
   1.528245158651e+03
   1.543602589768e+03
   1.558995306460e+03
   1.574421859570e+03
   1.589880801703e+03
   1.605370687192e+03
   1.620890072059e+03
   1.636437513988e+03
   1.652011572289e+03
   1.667610807877e+03
   1.683233783241e+03
   1.698879062424e+03
   1.714545211000e+03
   1.730230796058e+03
   1.745934386177e+03
   1.761654551419e+03
   1.777389863306e+03
   1.793138894812e+03
   1.808900220348e+03
   1.824672415753e+03
   1.840454058285e+03
   1.856243726608e+03
   1.872040000790e+03
   1.887841462293e+03
   1.903646693967e+03
   1.919454280046e+03
   1.935262806142e+03
   1.951070859243e+03
   1.966877027705e+03
   1.982679901256e+03
   1.998478070987e+03
   2.014270129350e+03
   2.030054670158e+03
   2.045830288584e+03
   2.061595581154e+03
   2.077349145748e+03
   2.093089581597e+03
   2.108815489281e+03
   2.124525470724e+03
   2.140218129195e+03
   2.155892069298e+03
   2.171545896975e+03
   2.187178219496e+03
   2.202787645456e+03
   2.218372784767e+03
   2.233932248652e+03
   2.249464649637e+03
   2.264968601540e+03
   2.280442719463e+03
   2.295885619777e+03
   2.311295920110e+03
   2.326672239332e+03
   2.342013197537e+03
   2.357317416025e+03
   2.372583517283e+03
   2.387810124955e+03
   2.402995863824e+03
   2.418139359779e+03
   2.433239239785e+03
   2.448294131848e+03
   2.463302664978e+03
   2.478263469145e+03
   2.493175175237e+03
   2.508036415009e+03
   2.522845821028e+03
   2.537602026613e+03
   2.552303665772e+03
   2.566949373133e+03
   2.581537783863e+03
   2.596067533590e+03
   2.610537258306e+03
   2.624945594276e+03
   2.639291177925e+03
   2.653572645724e+03
   2.667788634063e+03
   2.681937779114e+03
   2.696018716680e+03
   2.710030082037e+03
   2.723970509751e+03
   2.737838633494e+03
   2.751633085826e+03
   2.765352497978e+03
   2.778995499598e+03
   2.792560718482e+03
   2.806046780284e+03
   2.819452308194e+03
   2.832775922586e+03
   2.846016240642e+03
   2.859171875929e+03
   2.872241437942e+03
   2.885223531607e+03
   2.898116756728e+03
   2.910919707384e+03
   2.923630971264e+03
   2.936249128938e+03
   2.948772753045e+03
   2.961200407406e+03
   2.973530646035e+03
   2.985762012042e+03
   2.997893036421e+03
   3.009922236694e+03
   3.021848115401e+03
   3.033669158411e+03
   3.045383833032e+03
   3.056990585881e+03
   3.068487840492e+03
   3.079873994603e+03
   3.091147417091e+03
   3.102306444480e+03
   3.113349376957e+03
   3.124274473807e+03
   3.135079948167e+03
   3.145763960959e+03
   3.156324613852e+03
   3.166759941055e+03
   3.177067899687e+03
   3.187246358416e+03
   3.197293083972e+03
   3.207205725015e+03
   3.216981792691e+03
   3.226618637007e+03
   3.236113417831e+03
   3.245463068946e+03
   3.254664252909e+03
   3.263713303438e+03
   3.272606150479e+03
   3.281338222267e+03
   3.289904322377e+03
   3.298298480522e+03
   3.306513695200e+03
   3.314541184752e+03
   3.322368863542e+03
   3.329982416394e+03
   3.337377786064e+03
   3.344559772790e+03
   3.351390536174e+03
   3.357455015802e+03
   3.363466716902e+03
   3.370570194061e+03
   3.376008424877e+03
   3.378652413531e+03
   3.386799656521e+03
   3.395226178800e+03
   3.403775203427e+03
   3.406274400618e+03
   3.412395163769e+03
   3.421054219599e+03
   3.429729781559e+03
   3.438404506114e+03
   3.445469928510e+03
   3.447064386354e+03
   3.455697671173e+03
   3.464294204819e+03
   3.472844996581e+03
   3.481341926158e+03
   3.489777533556e+03
   3.491764021611e+03
   3.498144863931e+03
   3.506437349405e+03
   3.514648716408e+03
   3.522772911047e+03
   3.530804037385e+03
   3.538736305091e+03
   3.544501792980e+03
   3.546563983969e+03
   3.554281363624e+03
   3.561882717124e+03
   3.569362268082e+03
   3.576714161252e+03
   3.583932437668e+03
   3.591011016953e+03
   3.597943692251e+03
   3.603372590295e+03
   3.604724148756e+03
   3.611346027969e+03
   3.617803083969e+03
   3.624089533916e+03
   3.630200846653e+03
   3.636135617641e+03
   3.641900539940e+03
   3.647526375984e+03
   3.653142911806e+03
   3.668227199133e+03
   3.739010049549e+03
   3.815727358509e+03
   3.898429995839e+03
   3.987203419659e+03
   4.082161393853e+03
   4.183441897088e+03
   4.291204383305e+03
   4.405627918886e+03
   4.526909913259e+03
   4.655265266329e+03
   4.790925818562e+03
   4.934140027541e+03
   5.085172818915e+03
   5.244305575265e+03
   5.411836236953e+03
   5.588079496165e+03
   5.773367070415e+03
   5.968048045386e+03
   6.172489279572e+03
   6.387075865157e+03
   6.612211640991e+03
   6.848319754656e+03
   7.095843271469e+03
   7.355245828940e+03
   7.627012335761e+03
   7.911649714815e+03
   8.209687690081e+03
   8.521679617600e+03
   8.848203360910e+03
   9.189862211614e+03
   9.547285855909e+03
   9.921131388085e+03
   1.031208437218e+04
   1.072085995309e+04
   1.114820401860e+04
   1.159489441392e+04
   1.206174221043e+04
   1.254959303046e+04
   1.305932843006e+04
   1.359186734181e+04
   1.414816757995e+04
   1.472922740989e+04
   1.533608718489e+04
   1.596983105210e+04
   1.663158873080e+04
   1.732253736573e+04
   1.804390345815e+04
   1.879696487798e+04
   1.958305296007e+04
   2.040355468792e+04
   2.125991496842e+04
   2.215363900116e+04
   2.308629474620e+04
   2.405951549415e+04
   2.507500254271e+04
   2.613452798407e+04
   2.723993760751e+04
   2.839315392189e+04
   2.959617930301e+04
   3.085109927074e+04
   3.216008590137e+04
   3.352540138047e+04
   3.494940170218e+04
   3.643454052081e+04
   3.798337316088e+04
   3.959856079226e+04
   4.128287477689e+04
   4.303920119435e+04
   4.487054555331e+04
   4.678003769675e+04
   4.877093690859e+04
   5.084663723010e+04
   5.301067299471e+04
   5.526672459002e+04
   5.761862445637e+04
   6.007036333170e+04
   6.262609675262e+04
   6.529015182237e+04
   6.806703425639e+04
   7.096143571704e+04
   7.397824144911e+04
   7.712253822865e+04
   8.039962263777e+04
   8.381500967877e+04
   8.737444174160e+04
   9.108389793903e+04
   9.494960382450e+04
   9.897804150855e+04
   1.031759601898e+05
   1.075503871181e+05
   1.121086390061e+05
   1.168583339100e+05
   1.218074035962e+05
   1.269641064220e+05
   1.323370441972e+05
   1.379361255442e+05
   1.438710766861e+05
