   2.294081945339e-02
   6.243354504859e-02
   9.923803837107e-02
   1.208636157041e-01
   1.253163894339e-01
   1.168208310540e-01
   1.011614184097e-01
   8.312930386242e-02
   6.578977188247e-02
   5.068426296232e-02
   3.831499587048e-02
   2.859568813372e-02
   2.117071434257e-02
   1.560633550917e-02
   1.148903532487e-02
   8.466354783334e-03
   6.256382542638e-03
   4.642430596129e-03
   3.462219374937e-03
   2.596280233814e-03
   1.957621543098e-03
   1.483306507523e-03
   1.127932163602e-03
   8.587442565311e-04
   6.524080989432e-04
   5.003933136997e-04
   4.330739255314e-04
   4.382208572605e-04
   4.413073988049e-04
   4.258947034153e-04
   3.979935780547e-04
   3.629536197785e-04
   3.244553960420e-04
   2.850718408830e-04
   2.466065757449e-04
   2.102910064246e-04
   1.769154513332e-04
   1.469272670676e-04
   1.205099392201e-04
   9.764912535334e-05
   7.818826681354e-05
   6.187500772129e-05
   4.839916988930e-05
   3.742293514132e-05
   2.860394434285e-05
   2.161211841118e-05
   1.614108419954e-05
   1.191512371082e-05
   8.692553221375e-06
   6.266384407505e-06
   4.463032399392e-06
   3.139727582772e-06
   2.181170349059e-06
   1.495850669230e-06
   1.012344881648e-06
   6.758055400602e-07
   4.447793702392e-07
   2.884241942228e-07
   1.841474728473e-07
   1.156552470295e-07
   7.137850084826e-08
   4.323187887628e-08
   2.565487194202e-08
   1.488587973389e-08
   8.423143496527e-09
   4.631972445163e-09
   2.463886808633e-09
   1.259521513914e-09
   6.129046871470e-10
   2.797855404909e-10
   1.169340938653e-10
   4.277329100459e-11
   1.239956721655e-11
   2.101221073058e-12
   6.695705543480e-15
   5.957270967642e-13
   1.582669801905e-12
   2.215533412376e-12
   2.392873538706e-12
   2.235350804691e-12
   1.898283779407e-12
   1.504081527036e-12
   1.128953961341e-12
   8.104062962119e-13
   5.598076420406e-13
   3.736465389974e-13
   2.416145164876e-13
   1.516063962042e-13
   9.237691420918e-14
   5.465688894329e-14
   3.137695067610e-14
   1.744757382327e-14
   9.371920276366e-15
   4.842571325234e-15
   2.391917942293e-15
   1.118566357810e-15
   4.877087791462e-16
   1.931317544360e-16
   6.606956990637e-17
   1.740485838897e-17
   2.403866964185e-18
   1.139173214954e-20
   1.172312103614e-18
   2.529062817660e-18
   3.191552865770e-18
   3.186246499818e-18
   2.776729650416e-18
   2.208295852925e-18
   1.641100158133e-18
   1.155618937426e-18
   7.777860752360e-19
   5.031167546505e-19
   3.138616587402e-19
   1.891966681749e-19
   1.102834115503e-19
   6.213806503761e-20
   3.378878856330e-20
   1.767899379217e-20
   8.857058962557e-21
   4.216177464052e-21
   1.883637156726e-21
   7.736842299169e-22
   2.813568428385e-22
   8.366902776764e-23
   1.633278757515e-23
   5.801032805642e-25
   1.497003384097e-24
   5.353012209213e-24
   7.861359353590e-24
   8.455639878264e-24
   7.713701964486e-24
   6.336457236346e-24
   4.831562952579e-24
   3.478354853195e-24
   2.389856725622e-24
   1.577441899792e-24
   1.004651895164e-24
   6.190488177152e-25
   3.696057944699e-25
   2.138667504272e-25
   1.198837690904e-25
   6.496494895933e-26
   3.391406863016e-26
   1.697259408054e-26
   8.071750781336e-27
   3.601119234117e-27
   1.475400325590e-27
   5.309689732746e-28
   1.525920488699e-28
   2.703056948649e-29
   2.905284091718e-31
   5.193768591630e-30
   1.479063218018e-29
   2.105211426065e-29
   2.247344768946e-29
   2.047220605694e-29
   1.687962506367e-29
   1.286605996941e-29
   8.685582389186e-30
   5.760225778629e-30
   3.640251308410e-30
   2.257647414449e-30
   1.296506432706e-30
   7.270056327677e-31
   3.857250022132e-31
   1.813134470628e-31
   4.092024546315e-32
   7.450431037583e-34
   1.205584359466e-32
   4.286150949813e-32
   6.633380834333e-32
   8.001616966526e-32
   6.170481696299e-32
   1.922641581673e-32
   8.162478654647e-33
   1.159160223416e-33
   6.701998975296e-34
   2.658577372134e-34
   1.455689310730e-34
   6.367464744452e-33
   2.015316093482e-32
   5.236485787694e-32
   1.066415341038e-31
   1.572436826421e-31
   2.330103512617e-31
   2.101106625376e-31
   1.333444194002e-31
   1.108905184338e-31
   6.038342028684e-32
   2.017262714151e-32
   2.100685430135e-32
   1.499978329662e-32
   5.026688467190e-32
   6.452565033981e-32
   7.936519607359e-32
   4.116161898135e-32
   2.438286431833e-32
   6.433717499053e-34
   1.280002909967e-32
   5.687866414564e-32
   9.098689322012e-32
   1.090244711188e-31
   1.414099484397e-31
   1.708329227007e-31
   1.019152377933e-31
   7.112214285649e-32
   6.422013543236e-32
   5.671206295639e-32
   5.609104745291e-32
   9.897091234882e-32
   1.146329173341e-31
   9.755737742347e-32
   6.900530643631e-32
   3.074025452931e-32
   4.769374538199e-33
   1.069386052113e-34
   7.044059230396e-33
   9.931688201642e-33
   1.325695219364e-32
   2.120051179582e-32
   2.084401528818e-32
   3.025567914454e-32
   5.242356073227e-32
   7.585559402656e-32
   1.118925572090e-31
   1.402274741793e-31
   1.346765970058e-31
   1.261070377005e-31
   9.294107539592e-32
   6.027232254656e-32
   2.402811570509e-32
   2.213351853674e-32
   7.081114362513e-33
   1.771113039162e-32
   1.000828647758e-32
   1.068230989079e-32
   1.574804024401e-32
   8.902620192121e-33
   3.932615213193e-34
   4.409146539006e-34
   1.359442373384e-33
   2.970417489151e-33
   1.130657723219e-32
   2.851020604042e-32
   4.713762313261e-32
   5.080047749878e-32
   7.631600097269e-32
   9.711249252614e-32
   9.420830885500e-32
   7.088923390194e-32
   7.698683724079e-32
   6.253581548921e-32
   5.669030138197e-32
   3.625298911873e-32
   2.873933032464e-32
   2.937499349390e-32
   2.426055574456e-32
   8.740126514085e-33
   3.448482337452e-33
   8.690034525598e-32
   3.380061428497e-33
   7.707840206552e-35
   9.445795287034e-36
   4.164262608384e-35
   3.189830197484e-32
   4.060597872634e-35
   9.897124610208e-37
   9.591292419208e-36
   3.914941783827e-35
   1.401060018658e-33
   7.098617222715e-35
   8.375925525883e-35
   2.521425149740e-35
   1.696499624075e-35
   7.852740238129e-36
   2.585411106480e-36
   2.122343416299e-31
   5.738227302525e-37
   1.263684696781e-37
   3.913056204523e-38
   4.927027955899e-39
   7.322789488195e-40
   4.016785392271e-41
   4.950722759748e-31
   2.380598322979e-41
   8.456295565118e-43
   2.587900135983e-43
   7.161976923917e-45
   5.848450457879e-46
   5.564746338193e-47
   2.914161577028e-48
   7.594425206248e-50
   2.245226682371e-31
   1.981516927434e-51
   8.738096848148e-53
   3.049680984052e-54
   3.053175719265e-54
   1.328054258237e-54
   3.464409226438e-50
   2.137513129499e-52
   2.176157411172e-54
   9.288703432852e-55
   7.675244677476e-33
   4.931079881148e-31
   3.754345797474e-31
   1.063277741342e-31
   7.546990313487e-31
   6.251509090164e-33
   1.020699089444e-30
   1.735842274700e-31
   6.979399650705e-31
   1.746636939695e-30
   1.050661055764e-30
   2.933914989948e-31
   4.647400086801e-32
   4.653190444106e-33
   3.115011710561e-34
   1.457124151202e-35
   4.890312338428e-37
   1.195056257901e-38
   2.220985298450e-40
   2.892145727934e-42
   3.614654940183e-44
   4.051405041513e-45
   9.404972085822e-46
   7.231603920470e-45
   4.262441183007e-45
   2.815418535434e-46
   4.938980892317e-45
   4.916463669593e-46
   1.522040114018e-46
   2.684781583032e-47
   2.703169439905e-48
   1.690195531802e-49
   6.947622425698e-51
   1.956167229135e-52
   3.879614859332e-54
   5.556063274832e-56
   5.841289566085e-58
   4.574491296304e-60
   2.708555952049e-62
   1.223259351386e-64
   4.251881916176e-67
   1.146716486300e-69
   2.395879068555e-72
   4.410305339965e-75
   9.150660452226e-76
   2.895815281611e-75
   1.135768045900e-75
   6.912325552644e-75
   1.936129810890e-74
   2.601772386432e-74
   5.616369493814e-75
   4.479836118960e-76
   1.737535266712e-77
   3.769520417485e-79
   4.983264478192e-81
   4.254092373358e-83
   2.445599706541e-85
   9.773533319535e-88
   2.783722440035e-90
   5.765260282007e-93
   8.826579297166e-96
   1.012831939892e-98
   0.000000000000e+00
   0.000000000000e+00
   0.000000000000e+00
   0.000000000000e+00
   0.000000000000e+00
   0.000000000000e+00
   0.000000000000e+00
   0.000000000000e+00
   0.000000000000e+00
   0.000000000000e+00
   0.000000000000e+00
   0.000000000000e+00
   0.000000000000e+00
   0.000000000000e+00
   0.000000000000e+00
   0.000000000000e+00
   0.000000000000e+00
   0.000000000000e+00
   0.000000000000e+00
   0.000000000000e+00
   0.000000000000e+00
   0.000000000000e+00
   0.000000000000e+00
   0.000000000000e+00
   0.000000000000e+00
   0.000000000000e+00
   0.000000000000e+00
   0.000000000000e+00
   0.000000000000e+00
   0.000000000000e+00
   0.000000000000e+00
   0.000000000000e+00
   0.000000000000e+00
   0.000000000000e+00
   0.000000000000e+00
   0.000000000000e+00
