5.42852
5.42877
5.42901
5.42925
5.42948
5.4297
5.42992
5.43013
5.43033
5.43053
5.43072
5.4309
5.43108
5.43125
5.43141
5.43156
5.43171
5.43185
5.43199
5.43211
5.43224
5.43235
5.43246
5.43256
5.43265
5.43274
5.43282
5.43289
5.43296
5.43302
5.43307
5.43311
5.43315
5.43318
5.43321
5.43323
5.43324
5.43324
5.43324
5.43323
5.43322
5.43319
5.43316
5.43313
5.43308
5.43303
5.43298
5.43291
5.43284
5.43276
5.43268
5.43259
5.43249
5.43238
5.43227
5.43215
5.43203
5.4319
5.43176
5.43161
5.43146
5.4313
5.43113
5.43096
5.43078
5.43059
5.4304
5.4302
5.42999
5.42977
5.42955
5.42933
5.42909
5.42885
5.4286
5.42834
5.42808
5.42781
5.42754
5.42725
5.42697
5.42667
5.42637
5.42606
5.42574
5.42542
5.42509
5.42475
5.4244
5.42405
5.4237
5.42333
5.42296
5.42258
5.4222
5.42181
5.42141
5.421
5.42059
5.42017
5.41974
5.41931
5.41887
5.41843
5.41797
5.41751
5.41705
5.41657
5.4161
5.41561
5.41511
5.41461
5.41411
5.41359
5.41307
5.41255
5.41201
5.41147
5.41092
5.41037
5.40981
5.40924
5.40866
5.40808
5.40749
5.4069
5.4063
5.40569
5.40507
5.40445
5.40382
5.40319
5.40255
5.4019
5.40124
5.40058
5.39991
5.39923
5.39855
5.39786
5.39717
5.39646
5.39575
5.39504
5.39431
5.39358
5.39285
5.39211
5.39136
5.3906
5.38984
5.38907
5.38829
5.38751
5.38672
5.38592
5.38512
5.38431
5.38349
5.38267
5.38184
5.381
5.38016
5.37931
5.37845
5.37759
5.37672
5.37584
5.37496
5.37407
5.37317
5.37227
5.37136
5.37044
5.36952
5.36859
5.36766
5.36671
5.36576
5.36481
5.36385
5.36288
5.3619
5.36092
5.35993
5.35893
5.35793
5.35692
5.35591
5.35488
5.35386
5.35282
5.35178
5.35073
5.34968
5.34862
5.34755
5.34647
5.34539
5.3443
5.34321
5.34211
5.341
5.33989
5.33877
5.33764
5.33651
5.33537
5.33422
5.33307
5.33191
5.33074
5.32957
5.32839
5.32721
5.32602
5.32482
5.32361
5.3224
5.32118
5.31996
5.31873
5.31749
5.31625
5.315
5.31374
5.31248
5.31121
5.30993
5.30865
5.30736
5.30607
5.30476
5.30346
5.30214
5.30082
5.29949
5.29816
5.29682
5.29547
5.29412
5.29276
5.29139
5.29002
5.28864
5.28726
5.28587
5.28447
5.28306
5.28165
5.28024
5.27881
5.27738
5.27595
5.27451
5.27306
5.2716
5.27014
5.26867
5.2672
5.26572
5.26423
5.26274
5.26124
5.25973
5.25822
5.2567
5.25518
5.25365
5.25211
5.25057
5.24902
5.24746
5.2459
5.24433
5.24276
5.24118
5.23959
5.238
5.2364
5.23479
5.23318
5.23156
5.22994
5.22831
5.22667
5.22502
5.22338
5.22172
5.22006
5.21839
5.21672
5.21503
5.21335
5.21165
5.20996
5.20825
5.20654
5.20482
5.2031
5.20137
5.19963
5.19789
5.19614
5.19439
5.19263
5.19086
5.18909
5.18731
5.18552
5.18373
5.18193
5.18013
5.17832
5.1765
5.17468
5.17285
5.17102
5.16918
5.16733
5.16548
5.16362
5.16176
5.15989
5.15801
5.15613
5.15424
5.15234
5.15044
5.14854
5.14662
5.1447
5.14278
5.14085
5.13891
5.13697
5.13502
5.13306
5.1311
5.12914
5.12716
5.12518
5.1232
5.12121
5.11921
5.11721
5.1152
5.11319
5.11116
5.10914
5.10711
5.10507
5.10302
5.10097
5.09892
5.09685
5.09478
5.09271
5.09063
5.08854
5.08645
5.08435
5.08225
5.08014
5.07803
5.0759
5.07378
5.07164
5.0695
5.06736
5.06521
5.06305
5.06089
5.05872
5.05655
5.05437
5.05218
5.04999
5.04779
5.04559
5.04338
5.04117
5.03894
5.03672
5.03449
5.03225
5.03
5.02775
5.0255
5.02324
5.02097
5.0187
5.01642
5.01413
5.01184
5.00955
5.00725
5.00494
5.00263
5.00031
4.99798
4.99565
4.99332
4.99098
4.98863
4.98628
4.98392
4.98155
4.97918
4.97681
4.97442
4.97204
4.96964
4.96725
4.96484
4.96243
4.96002
4.9576
4.95517
4.95274
4.9503
4.94785
4.94541
4.94295
4.94049
4.93802
4.93555
4.93307
4.93059
4.9281
4.92561
4.92311
4.9206
4.91809
4.91558
4.91305
4.91053
4.90799
4.90545
4.90291
4.90036
4.89781
4.89524
4.89268
4.89011
4.88753
4.88495
4.88236
4.87976
4.87716
4.87456
4.87195
4.86933
4.86671
4.86408
4.86145
4.85881
4.85617
4.85352
4.85087
4.84821
4.84554
4.84287
4.8402
4.83752
4.83483
4.83214
4.82944
4.82674
4.82403
4.82132
4.8186
4.81587
4.81314
4.81041
4.80767
4.80492
4.80217
4.79941
4.79665
4.79388
4.79111
4.78833
4.78555
4.78276
4.77997
4.77717
4.77436
4.77155
4.76874
4.76592
4.76309
4.76026
4.75742
4.75458
4.75173
4.74888
4.74602
4.74316
4.74029
4.73742
4.73454
4.73166
4.72877
4.72588
4.72298
4.72007
4.71716
4.71425
4.71133
4.7084
4.70547
4.70254
4.6996
4.69665
4.6937
4.69074
4.68778
4.68481
4.68184
4.67887
4.67588
4.6729
4.6699
4.66691
4.66391
4.6609
4.65789
4.65487
4.65184
4.64882
4.64578
4.64275
4.6397
4.63666
4.6336
4.63054
4.62748
4.62441
4.62134
4.61826
4.61518
4.61209
4.609
4.6059
4.6028
4.59969
4.59657
4.59346
4.59033
4.58721
4.58407
4.58093
4.57779
4.57464
4.57149
4.56833
4.56517
4.562
4.55883
4.55565
4.55247
4.54928
4.54609
4.5429
4.53969
4.53649
4.53328
4.53006
4.52684
4.52361
4.52038
4.51715
4.51391
4.51066
4.50741
4.50416
4.5009
4.49763
4.49436
4.49109
4.48781
4.48453
4.48124
4.47795
4.47465
4.47135
4.46804
4.46473
4.46141
4.45809
4.45477
4.45144
4.4481
4.44476
4.44142
4.43807
4.43471
4.43135
4.42799
4.42462
4.42125
4.41787
4.41449
4.41111
4.40771
4.40432
4.40092
4.39751
4.39411
4.39069
4.38727
4.38385
4.38042
4.37699
4.37355
4.37011
4.36667
4.36322
4.35976
4.35631
4.35284
4.34937
4.3459
4.34242
4.33894
4.33546
4.33197
4.32847
4.32497
4.32147
4.31796
4.31445
4.31093
4.30741
4.30389
4.30036
4.29682
4.29328
4.28974
4.28619
4.28264
4.27909
4.27553
4.27196
4.26839
4.26482
4.26124
4.25766
4.25407
4.25048
4.24689
4.24329
4.23969
4.23608
4.23247
4.22885
4.22523
4.22161
4.21798
4.21435
4.21071
4.20707
4.20343
4.19978
4.19612
4.19247
4.1888
4.18514
4.18147
4.17779
4.17412
4.17043
4.16675
4.16306
4.15936
4.15566
4.15196
4.14826
4.14455
4.14083
4.13711
4.13339
4.12966
4.12593
4.1222
4.11846
4.11472
4.11097
4.10722
4.10347
4.09971
4.09595
4.09218
4.08841
4.08464
4.08086
4.07708
4.07329
4.0695
4.06571
4.06191
4.05811
4.05431
4.0505
4.04669
4.04287
4.03905
4.03523
4.0314
4.02757
4.02373
4.01989
4.01605
4.0122
4.00835
4.0045
4.00064
3.99678
3.99292
3.98905
3.98518
3.9813
3.97742
3.97354
3.96965
3.96576
3.96187
3.95797
3.95407
3.95017
3.94626
3.94235
3.93843
3.93451
3.93059
3.92666
3.92273
3.9188
3.91487
3.91093
3.90698
3.90304
3.89909
3.89513
3.89117
3.88721
3.88325
3.87928
3.87531
3.87134
3.86736
3.86338
3.85939
3.85541
3.85142
3.84742
3.84342
3.83942
3.83542
3.83141
3.8274
3.82338
3.81937
3.81535
3.81132
3.8073
3.80326
3.79923
3.79519
3.79115
3.78711
3.78306
3.77901
3.77496
3.77091
3.76685
3.76278
3.75872
3.75465
3.75058
3.7465
3.74243
3.73835
3.73426
3.73017
3.72608
3.72199
3.7179
3.7138
3.70969
3.70559
3.70148
3.69737
3.69326
3.68914
3.68502
3.6809
3.67677
3.67264
3.66851
3.66438
3.66024
3.6561
3.65196
3.64781
3.64366
3.63951
3.63535
3.6312
3.62704
3.62287
3.61871
3.61454
3.61037
3.6062
3.60202
3.59784
3.59366
3.58947
3.58528
3.58109
3.5769
3.57271
3.56851
3.56431
3.5601
3.5559
3.55169
3.54748
3.54326
3.53905
3.53483
3.5306
3.52638
3.52215
3.51792
3.51369
3.50946
3.50522
3.50098
3.49674
3.49249
3.48825
3.484
3.47975
3.47549
3.47124
3.46698
3.46271
3.45845
3.45418
3.44992
3.44564
3.44137
3.4371
3.43282
3.42854
3.42425
3.41997
3.41568
3.41139
3.4071
3.40281
3.39851
3.39421
3.38991
3.38561
3.3813
3.37699
3.37268
3.36837
3.36406
3.35974
3.35542
3.3511
3.34678
3.34246
3.33813
3.3338
3.32947
3.32514
3.3208
3.31646
3.31212
3.30778
3.30344
3.29909
3.29475
3.2904
3.28605
3.28169
3.27734
3.27298
3.26862
3.26426
3.2599
3.25553
3.25117
3.2468
3.24243
3.23805
3.23368
3.2293
3.22492
3.22054
3.21616
3.21178
3.20739
3.20301
3.19862
3.19423
3.18983
3.18544
3.18104
3.17665
3.17225
3.16785
3.16344
3.15904
3.15463
3.15022
3.14581
3.1414
3.13699
3.13258
3.12816
3.12374
3.11932
3.1149
3.11048
3.10606
3.10163
3.0972
3.09278
3.08834
3.08391
3.07948
3.07505
3.07061
3.06617
3.06173
3.05729
3.05285
3.04841
3.04396
3.03952
3.03507
3.03062
3.02617
3.02172
3.01726
3.01281
3.00835
3.0039
2.99944
2.99498
2.99052
2.98605
2.98159
2.97712
2.97266
2.96819
2.96372
2.95925
2.95478
2.95031
2.94583
2.94136
2.93688
2.93241
2.92793
2.92345
2.91897
2.91449
2.91
2.90552
2.90103
2.89655
2.89206
2.88757
2.88308
2.87859
2.8741
2.86961
2.86511
2.86062
2.85612
2.85163
2.84713
2.84263
2.83813
2.83363
2.82913
2.82463
2.82012
2.81562
2.81111
2.80661
2.8021
2.79759
2.79309
2.78858
2.78407
2.77955
2.77504
2.77053
2.76602
2.7615
2.75699
2.75247
2.74795
2.74344
2.73892
2.7344
2.72988
2.72536
2.72084
2.71632
2.71179
2.70727
2.70275
2.69822
2.6937
2.68917
2.68464
2.68012
2.67559
2.67106
2.66653
2.662
2.65747
2.65294
2.64841
2.64388
2.63935
2.63481
2.63028
2.62575
2.62121
2.61668
2.61214
2.60761
2.60307
2.59853
2.594
2.58946
2.58492
2.58038
2.57585
2.57131
2.56677
2.56223
2.55769
2.55315
2.54861
2.54407
2.53952
2.53498
2.53044
2.5259
2.52136
2.51681
2.51227
2.50773
2.50318
2.49864
2.4941
2.48955
2.48501
2.48046
2.47592
2.47137
2.46683
2.46228
2.45774
2.45319
2.44865
2.4441
2.43956
2.43501
2.43047
2.42592
2.42137
2.41683
2.41228
2.40774
2.40319
2.39864
2.3941
2.38955
2.38501
2.38046
2.37591
2.37137
2.36682
2.36228
2.35773
2.35319
2.34864
2.34409
2.33955
2.335
2.33046
2.32592
2.32137
2.31683
2.31228
2.30774
2.30319
2.29865
2.29411
2.28957
2.28502
2.28048
2.27594
2.2714
2.26685
2.26231
2.25777
2.25323
2.24869
2.24415
2.23961
2.23507
2.23053
2.22599
2.22146
2.21692
2.21238
2.20784
2.20331
2.19877
2.19424
2.1897
2.18517
2.18063
2.1761
2.17157
2.16704
2.1625
2.15797
2.15344
2.14891
2.14438
2.13985
2.13532
2.1308
2.12627
2.12174
2.11722
2.11269
2.10817
2.10364
2.09912
2.0946
2.09008
2.08555
2.08103
2.07652
2.072
2.06748
2.06296
2.05845
2.05393
2.04941
2.0449
2.04039
2.03588
2.03136
2.02685
2.02234
2.01784
2.01333
2.00882
2.00432
1.99981
1.99531
1.9908
1.9863
1.9818
1.9773
1.9728
1.9683
1.96381
1.95931
1.95482
1.95032
1.94583
1.94134
1.93685
1.93236
1.92787
1.92338
1.9189
1.91441
1.90993
1.90545
1.90097
1.89649
1.89201
1.88753
1.88305
1.87858
1.87411
1.86963
1.86516
1.86069
1.85623
1.85176
1.84729
1.84283
1.83837
1.8339
1.82944
1.82499
1.82053
1.81607
1.81162
1.80717
1.80272
1.79827
1.79382
1.78937
1.78493
1.78048
1.77604
1.7716
1.76716
1.76273
1.75829
1.75386
1.74943
1.745
1.74057
1.73614
1.73172
1.72729
1.72287
1.71845
1.71403
1.70962
1.7052
1.70079
1.69638
1.69197
1.68756
1.68316
1.67875
1.67435
1.66995
1.66556
1.66116
1.65677
1.65238
1.64799
1.6436
1.63921
1.63483
1.63045
1.62607
1.62169
1.61732
1.61295
1.60857
1.60421
1.59984
1.59548
1.59111
1.58675
1.5824
1.57804
1.57369
1.56934
1.56499
1.56064
1.5563
1.55196
1.54762
1.54328
1.53895
1.53462
1.53029
1.52596
1.52164
1.51732
1.513
1.50868
1.50437
1.50006
1.49575
1.49144
1.48714
1.48284
1.47854
1.47424
1.46995
1.46566
1.46138
1.45709
1.45281
1.44853
1.44425
1.43998
1.43571
1.43144
1.42718
1.42292
1.41866
1.4144
1.41015
1.4059
1.40165
1.39741
1.39317
1.38893
1.3847
1.38047
1.37624
1.37202
1.36779
1.36358
1.35936
1.35515
1.35094
1.34674
1.34253
1.33834
1.33414
1.32995
1.32576
1.32158
1.31739
1.31322
1.30904
1.30487
1.30071
1.29654
1.29238
1.28823
1.28407
1.27992
1.27578
1.27164
1.2675
1.26337
1.25924
1.25511
1.25099
1.24687
1.24276
1.23865
1.23454
1.23044
1.22634
1.22224
1.21815
1.21407
1.20999
1.20591
1.20184
1.19777
1.1937
1.18964
1.18558
1.18153
1.17748
1.17344
1.1694
1.16537
1.16134
1.15731
1.15329
1.14928
1.14527
1.14126
1.13726
1.13326
1.12927
1.12528
1.1213
1.11732
1.11335
1.10938
1.10542
1.10146
1.0975
1.09356
1.08961
1.08568
1.08174
1.07782
1.07389
1.06998
1.06607
1.06216
1.05826
1.05436
1.05047
1.04659
1.04271
1.03884
1.03497
1.03111
1.02725
1.0234
1.01956
1.01572
1.01189
1.00806
1.00424
1.00043
0.99662
0.992818
0.989022
0.985233
0.981449
0.977672
0.973901
0.970137
0.966379
0.962627
0.958882
0.955144
0.951413
0.947688
0.94397
0.940258
0.936554
0.932856
0.929166
0.925482
0.921806
0.918137
0.914474
0.91082
0.907172
0.903532
0.899899
0.896274
0.892656
0.889046
0.885443
0.881848
0.878261
0.874682
0.871111
0.867548
0.863992
0.860445
0.856906
0.853375
0.849853
0.846339
0.842833
0.839336
0.835847
0.832367
0.828896
0.825433
0.821979
0.818535
0.815099
0.811672
0.808255
0.804847
0.801448
0.798058
0.794678
0.791308
0.787947
0.784595
0.781254
0.777923
0.774601
0.77129
0.767988
0.764697
0.761416
0.758146
0.754886
0.751636
0.748398
0.74517
0.741953
0.738747
0.735552
0.732368
0.729195
0.726034
0.722884
0.719746
0.716619
0.713504
0.710401
0.70731
0.704231
0.701164
0.69811
0.695067
0.692038
0.689021
0.686017
0.683025
0.680047
0.677081
0.674129
0.67119
0.668265
0.665353
0.662455
0.659571
0.6567
0.653844
0.651002
0.648174
0.64536
0.642561
0.639777
0.637008
0.634254
0.631514
0.62879
0.626082
0.623389
0.620711
0.61805
0.615404
0.612774
0.610161
0.607564
0.604983
0.602419
0.599872
0.597342
0.594829
0.592333
0.589855
0.587394
0.584951
0.582526
0.580119
0.57773
0.575359
0.573007
0.570674
0.568359
0.566063
0.563786
0.561529
0.559291
0.557073
0.554874
0.552696
0.550537
0.548399
0.546281
0.544184
0.542107
0.540051
0.538017
0.536003
0.534011
0.532041
0.530092
0.528165
0.52626
0.524377
0.522517
0.520679
0.518864
0.517071
0.515302
0.513555
0.511832
0.510133
0.508457
0.506804
0.505176
0.503571
0.501991
0.500435
0.498903
0.497396
0.495914
0.494457
0.493024
0.491617
0.490235
0.488878
0.487547
0.486241
0.484961
0.483707
0.482479
0.481277
0.480101
0.478951
0.477828
0.476731
0.475661
0.474617
0.473601
0.47261
0.471647
0.470711
0.469801
0.468919
0.468064
0.467236
0.466435
0.465662
0.464916
0.464197
0.463505
0.462841
0.462205
0.461596
0.461014
0.46046
0.459933
0.459434
0.458962
0.458517
0.4581
0.457711
0.457348
0.457013
0.456706
0.456425
0.456172
0.455946
0.455747
0.455575
0.45543
0.455312
0.455221
0.455156
0.455118
0.455107
0.455122
0.455163
0.455231
0.455324
0.455444
0.45559
0.455761
0.455958
0.456181
0.456429
0.456702
0.457
0.457323
0.457671
0.458043
0.45844
0.458861
0.459307
0.459776
0.460269
0.460786
0.461326
0.46189
0.462476
0.463086
0.463718
0.464372
0.465049
0.465748
0.466469
0.467212
0.467976
0.468762
0.469569
0.470396
0.471245
0.472113
0.473002
0.473912
0.474841
0.475789
0.476758
0.477745
0.478751
0.479776
0.48082
0.481882
0.482963
0.484061
0.485177
0.48631
0.487461
0.488629
0.489814
0.491015
0.492233
0.493467
0.494717
0.495983
0.497264
0.498561
0.499873
0.5012
0.502542
0.503898
0.505269
0.506654
0.508052
0.509465
0.51089
0.51233
0.513782
0.515247
0.516725
0.518216
0.519719
0.521234
0.522761
0.524299
0.52585
0.527411
0.528984
0.530568
0.532163
0.533769
0.535384
0.537011
0.538647
0.540293
0.541949
0.543615
0.54529
0.546974
0.548668
0.55037
0.552082
0.553801
0.55553
0.557266
0.559011
0.560764
0.562524
0.564292
0.566068
0.567851
0.569642
0.571439
0.573243
0.575055
0.576873
0.578697
0.580528
0.582365
0.584208
0.586057
0.587912
0.589773
0.591639
0.593511
0.595389
0.597271
0.599159
0.601051
0.602949
0.604851
0.606758
0.608669
0.610585
0.612505
0.614429
0.616357
0.61829
0.620226
0.622166
0.624109
0.626056
0.628007
0.629961
0.631918
0.633879
0.635842
0.637808
0.639778
0.64175
0.643724
0.645702
0.647682
0.649664
0.651649
0.653635
0.655624
0.657616
0.659609
0.661604
0.663601
0.665599
0.6676
0.669602
0.671605
0.67361
0.675616
0.677624
0.679633
0.681643
0.683654
0.685666
0.687679
0.689693
0.691707
0.693723
0.695739
0.697756
0.699773
0.701791
0.703809
0.705828
0.707847
0.709866
0.711885
0.713905
0.715924
0.717944
0.719963
0.721983
0.724002
0.726021
0.72804
0.730058
0.732076
0.734094
0.736111
0.738128
0.740144
0.74216
0.744174
0.746189
0.748202
0.750214
0.752226
0.754237
0.756247
0.758256
0.760263
0.76227
0.764276
0.76628
0.768283
0.770285
0.772286
0.774285
0.776283
0.77828
0.780275
0.782268
0.78426
0.786251
0.78824
0.790227
0.792213
0.794196
0.796179
0.798159
0.800137
0.802114
0.804089
0.806062
0.808033
0.810001
0.811968
0.813933
0.815896
0.817856
0.819815
0.821771
0.823725
0.825677
0.827627
0.829574
0.831519
0.833461
0.835402
0.837339
0.839275
0.841208
0.843138
0.845066
0.846991
0.848914
0.850834
0.852751
0.854666
0.856578
0.858488
0.860394
0.862298
0.864199
0.866098
0.867993
0.869886
0.871776
0.873662
0.875546
0.877427
0.879305
0.88118
0.883052
0.884921
0.886787
0.88865
0.89051
0.892367
0.89422
0.89607
0.897918
0.899762
0.901602
0.90344
0.905274
0.907105
0.908932
0.910757
0.912578
0.914395
0.91621
0.91802
0.919828
0.921632
0.923432
0.925229
0.927023
0.928813
0.9306
0.932383
0.934162
0.935938
0.93771
0.939479
0.941244
0.943005
0.944763
0.946517
0.948268
0.950015
0.951758
0.953497
0.955232
0.956964
0.958692
0.960416
0.962137
0.963853
0.965566
0.967275
0.96898
0.970681
0.972378
0.974071
0.975761
0.977446
0.979128
0.980805
0.982479
0.984148
0.985814
0.987475
0.989133
0.990786
0.992436
0.994081
0.995722
0.99736
0.998993
1.00062
1.00225
1.00387
1.00548
1.0071
1.0087
1.01031
1.01191
1.0135
1.01509
1.01668
1.01826
1.01984
1.02142
1.02299
1.02455
1.02611
1.02767
1.02922
1.03077
1.03232
1.03386
1.03539
1.03692
1.03845
1.03997
1.04149
1.043
1.04451
1.04602
1.04752
1.04901
1.0505
1.05199
1.05347
1.05495
1.05642
1.05789
1.05935
1.06081
1.06227
1.06372
1.06516
1.06661
1.06804
1.06947
1.0709
1.07232
1.07374
1.07516
1.07656
1.07797
1.07937
1.08076
1.08215
1.08354
1.08492
1.0863
1.08767
1.08903
1.0904
1.09175
1.09311
1.09445
1.0958
1.09714
1.09847
1.0998
1.10112
1.10244
1.10376
1.10507
1.10637
1.10767
1.10896
1.11026
1.11154
1.11282
1.1141
1.11537
1.11663
1.11789
1.11915
1.1204
1.12165
1.12289
1.12413
1.12536
1.12658
1.12781
1.12902
1.13023
1.13144
1.13264
1.13384
1.13503
1.13622
1.1374
1.13858
1.13975
1.14092
1.14208
1.14324
1.14439
1.14554
1.14668
1.14781
1.14895
1.15007
1.15119
1.15231
1.15342
1.15453
1.15563
1.15673
1.15782
1.1589
1.15998
1.16106
1.16213
1.1632
1.16426
1.16531
1.16636
1.16741
1.16845
1.16948
1.17051
1.17154
1.17256
1.17357
1.17458
1.17558
1.17658
1.17757
1.17856
1.17955
1.18052
1.1815
1.18246
1.18343
1.18438
1.18533
1.18628
1.18722
1.18816
1.18909
1.19001
1.19093
1.19185
1.19276
1.19366
1.19456
1.19546
1.19634
1.19723
1.19811
1.19898
1.19985
1.20071
1.20157
1.20242
1.20326
1.2041
1.20494
1.20577
1.2066
1.20742
1.20823
1.20904
1.20984
1.21064
1.21143
1.21222
1.213
1.21378
1.21455
1.21532
1.21608
1.21684
1.21759
1.21833
1.21907
1.21981
1.22053
1.22126
1.22198
1.22269
1.2234
1.2241
1.2248
1.22549
1.22617
1.22685
1.22753
1.2282
1.22886
1.22952
1.23017
1.23082
1.23146
1.2321
1.23273
1.23336
1.23398
1.2346
1.23521
1.23581
1.23641
1.23701
1.23759
1.23818
1.23876
1.23933
1.23989
1.24046
1.24101
1.24156
1.24211
1.24265
1.24318
1.24371
1.24424
1.24475
1.24527
1.24577
1.24628
1.24677
1.24726
1.24775
1.24823
1.2487
1.24917
1.24964
1.25009
1.25055
1.25099
1.25144
1.25187
1.2523
1.25273
1.25315
1.25357
1.25398
1.25438
1.25478
1.25517
1.25556
1.25594
1.25632
1.25669
1.25706
1.25742
1.25777
1.25812
1.25846
1.2588
1.25914
1.25946
1.25979
1.2601
1.26042
1.26072
1.26102
1.26132
1.26161
1.26189
1.26217
1.26245
1.26271
1.26298
1.26324
1.26349
1.26373
1.26398
1.26421
1.26444
1.26467
1.26489
1.2651
1.26531
1.26551
1.26571
1.2659
1.26609
1.26627
1.26645
1.26662
1.26679
1.26695
1.2671
1.26725
1.2674
1.26753
1.26767
1.2678
1.26792
1.26804
1.26815
1.26825
1.26836
1.26845
1.26854
1.26863
1.26871
1.26878
1.26885
1.26891
1.26897
1.26903
1.26907
1.26912
1.26915
1.26919
1.26921
1.26923
1.26925
1.26926
1.26926
1.26926
1.26926
1.26925
1.26923
1.26921
1.26918
1.26915
1.26912
1.26907
1.26903
1.26897
1.26892
1.26885
1.26878
1.26871
1.26863
1.26855
1.26846
1.26836
1.26826
1.26815
1.26804
1.26793
1.26781
1.26768
1.26755
1.26741
1.26727
1.26712
1.26697
1.26681
1.26665
1.26648
1.26631
1.26613
1.26595
1.26576
1.26557
1.26537
1.26516
1.26495
1.26474
1.26452
1.26429
1.26406
1.26383
1.26359
1.26334
1.26309
1.26284
1.26258
1.26231
1.26204
1.26177
1.26149
1.2612
1.26091
1.26061
1.26031
1.26
1.25969
1.25938
1.25906
1.25873
1.2584
1.25806
1.25772
1.25737
1.25702
1.25666
1.2563
1.25594
1.25556
1.25519
1.25481
1.25442
1.25403
1.25363
1.25323
1.25282
1.25241
1.252
1.25157
1.25115
1.25072
1.25028
1.24984
1.24939
1.24894
1.24849
1.24803
1.24756
1.24709
1.24661
1.24613
1.24565
1.24516
1.24466
1.24416
1.24366
1.24315
1.24264
1.24212
1.24159
1.24106
1.24053
1.23999
1.23945
1.2389
1.23835
1.23779
1.23723
1.23666
1.23609
1.23551
1.23493
1.23435
1.23376
1.23316
1.23256
1.23195
1.23134
1.23073
1.23011
1.22949
1.22886
1.22822
1.22759
1.22694
1.2263
1.22564
1.22499
1.22433
1.22366
1.22299
1.22231
1.22163
1.22095
1.22026
1.21957
1.21887
1.21816
1.21746
1.21674
1.21603
1.21531
1.21458
1.21385
1.21311
1.21237
1.21163
1.21088
1.21013
1.20937
1.20861
1.20784
1.20707
1.20629
1.20551
1.20473
1.20394
1.20314
1.20234
1.20154
1.20073
1.19992
1.19911
1.19829
1.19746
1.19663
1.1958
1.19496
1.19411
1.19327
1.19242
1.19156
1.1907
1.18983
1.18896
1.18809
1.18721
1.18633
1.18544
1.18455
1.18366
1.18276
1.18185
1.18094
1.18003
1.17911
1.17819
1.17726
1.17633
1.1754
1.17446
1.17352
1.17257
1.17162
1.17066
1.1697
1.16874
1.16777
1.1668
1.16582
1.16484
1.16385
1.16286
1.16187
1.16087
1.15987
1.15886
1.15785
1.15683
1.15581
1.15479
1.15376
1.15273
1.15169
1.15065
1.14961
1.14856
1.14751
1.14645
1.14539
1.14433
1.14326
1.14218
1.1411
1.14002
1.13894
1.13785
1.13675
1.13566
1.13455
1.13345
1.13234
1.13122
1.1301
1.12898
1.12786
1.12673
1.12559
1.12445
1.12331
1.12216
1.12101
1.11986
1.1187
1.11754
1.11637
1.1152
1.11402
1.11285
1.11166
1.11048
1.10929
1.10809
1.10689
1.10569
1.10448
1.10327
1.10206
1.10084
1.09962
1.09839
1.09716
1.09593
1.09469
1.09345
1.0922
1.09095
1.0897
1.08844
1.08718
1.08592
1.08465
1.08338
1.0821
1.08082
1.07953
1.07825
1.07695
1.07566
1.07436
1.07305
1.07175
1.07044
1.06912
1.0678
1.06648
1.06515
1.06382
1.06249
1.06115
1.05981
1.05846
1.05711
1.05576
1.0544
1.05304
1.05168
1.05031
1.04894
1.04756
1.04618
1.0448
1.04342
1.04202
1.04063
1.03923
1.03783
1.03643
1.03502
1.0336
1.03219
1.03077
1.02934
1.02792
1.02648
1.02505
1.02361
1.02217
1.02072
1.01927
1.01782
1.01636
1.0149
1.01344
1.01197
1.0105
1.00902
1.00755
1.00606
1.00458
1.00309
1.00159
1.0001
0.998597
0.997093
0.995586
0.994074
0.99256
0.991041
0.989519
0.987994
0.986465
0.984932
0.983396
0.981856
0.980313
0.978766
0.977215
0.975661
0.974104
0.972543
0.970978
0.96941
0.967838
0.966263
0.964684
0.963102
0.961516
0.959927
0.958334
0.956738
0.955138
0.953535
0.951928
0.950318
0.948704
0.947087
0.945467
0.943843
0.942215
0.940584
0.93895
0.937312
0.93567
0.934026
0.932377
0.930726
0.929071
0.927412
0.92575
0.924085
0.922416
0.920744
0.919068
0.917389
0.915707
0.914021
0.912332
0.91064
0.908944
0.907244
0.905542
0.903836
0.902126
0.900413
0.898697
0.896978
0.895255
0.893529
0.891799
0.890067
0.88833
0.886591
0.884848
0.883102
0.881352
0.8796
0.877844
0.876084
0.874322
0.872556
0.870786
0.869014
0.867238
0.865459
0.863677
0.861891
0.860102
0.85831
0.856515
0.854716
0.852914
0.851109
0.849301
0.847489
0.845675
0.843856
0.842035
0.840211
0.838383
0.836552
0.834718
0.832881
0.831041
0.829197
0.82735
0.8255
0.823647
0.821791
0.819932
0.818069
0.816203
0.814334
0.812462
0.810587
0.808709
0.806828
0.804943
0.803055
0.801165
0.799271
0.797374
0.795474
0.793571
0.791665
0.789755
0.787843
0.785928
0.784009
0.782088
0.780163
0.778235
0.776305
0.774371
0.772434
0.770495
0.768552
0.766606
0.764658
0.762706
0.760751
0.758793
0.756833
0.754869
0.752902
0.750933
0.74896
0.746985
0.745006
0.743025
0.741041
0.739053
0.737063
0.73507
0.733074
0.731075
0.729073
0.727069
0.725061
0.723051
0.721038
0.719021
0.717002
0.714981
0.712956
0.710928
0.708898
0.706865
0.704829
0.70279
0.700749
0.698704
0.696657
0.694607
0.692554
0.690499
0.688441
0.68638
0.684316
0.682249
0.68018
0.678108
0.676034
0.673956
0.671876
0.669793
0.667708
0.66562
0.663529
0.661436
0.65934
0.657241
0.65514
0.653036
0.650929
0.64882
0.646708
0.644593
0.642476
0.640357
0.638235
0.63611
0.633983
0.631853
0.62972
0.627586
0.625448
0.623308
0.621166
0.619021
0.616873
0.614724
0.612571
0.610416
0.608259
0.606099
0.603937
0.601773
0.599606
0.597436
0.595264
0.59309
0.590914
0.588735
0.586554
0.58437
0.582184
0.579996
0.577805
0.575612
0.573417
0.571219
0.56902
0.566818
0.564613
0.562407
0.560198
0.557987
0.555774
0.553558
0.551341
0.549121
0.546899
0.544675
0.542448
0.54022
0.537989
0.535757
0.533522
0.531285
0.529046
0.526805
0.524562
0.522317
0.520069
0.51782
0.515569
0.513315
0.51106
0.508803
0.506544
0.504282
0.502019
0.499754
0.497487
0.495218
0.492948
0.490675
0.4884
0.486124
0.483846
0.481566
0.479284
0.477
0.474714
0.472427
0.470138
0.467847
0.465555
0.46326
0.460964
0.458667
0.456367
0.454066
0.451764
0.449459
0.447153
0.444846
0.442536
0.440226
0.437913
0.435599
0.433284
0.430967
0.428649
0.426329
0.424007
0.421684
0.41936
0.417034
0.414707
0.412378
0.410048
0.407717
0.405384
0.40305
0.400715
0.398378
0.39604
0.393701
0.391361
0.389019
0.386676
0.384332
0.381987
0.379641
0.377293
0.374945
0.372595
0.370244
0.367892
0.36554
0.363186
0.360831
0.358475
0.356118
0.353761
0.351402
0.349042
0.346682
0.344321
0.341959
0.339596
0.337232
0.334868
0.332503
0.330137
0.327771
0.325404
0.323036
0.320668
0.318299
0.31593
0.31356
0.311189
0.308819
0.306447
0.304076
0.301704
0.299331
0.296959
0.294586
0.292213
0.289839
0.287466
0.285092
0.282719
0.280345
0.277971
0.275597
0.273223
0.27085
0.268476
0.266103
0.26373
0.261357
0.258985
0.256613
0.254241
0.25187
0.249499
0.247129
0.244759
0.242391
0.240023
0.237655
0.235289
0.232923
0.230559
0.228195
0.225833
0.223472
0.221112
0.218754
0.216397
0.214041
0.211687
0.209335
0.206985
0.204636
0.20229
0.199945
0.197603
0.195263
0.192926
0.190591
0.188259
0.185929
0.183603
0.18128
0.17896
0.176643
0.17433
0.172021
0.169716
0.167415
0.165119
0.162827
0.160539
0.158257
0.15598
0.153709
0.151444
0.149185
0.146932
0.144686
0.142447
0.140216
0.137993
0.135778
0.133571
0.131374
0.129187
0.12701
0.124844
0.122689
0.120547
0.118417
0.1163
0.114198
0.112111
0.11004
0.107985
0.105949
0.103931
0.101934
0.0999574
0.0980038
0.0960742
0.0941701
0.092293
0.0904447
0.088627
0.0868419
0.0850912
0.0833774
0.0817026
0.0800693
0.0784801
0.0769378
0.0754452
0.0740054
0.0726214
0.0712965
0.0700341
0.0688376
0.0677105
0.0666562
0.0656784
0.0647803
0.0639654
0.0632369
0.0625977
0.0620507
0.0615981
0.0612421
0.0609844
0.0608262
0.0607681
0.0608106
0.0609532
0.0611953
0.0615357
0.0619727
0.0625042
0.0631278
0.0638408
0.0646402
0.0655226
0.0664849
0.0675235
0.0686349
0.0698156
0.0710621
0.0723709
0.0737387
0.0751622
0.0766382
0.0781637
0.0797358
0.0813518
0.083009
0.084705
0.0864375
0.0882041
0.090003
0.091832
0.0936894
0.0955736
0.0974828
0.0994156
0.101371
0.103347
0.105342
0.107356
0.109388
0.111435
0.113499
0.115577
0.117668
0.119773
0.12189
0.124019
0.126158
0.128308
0.130468
0.132637
0.134815
0.137001
0.139195
0.141396
0.143605
0.14582
0.148041
0.150269
0.152502
0.15474
0.156984
0.159233
0.161486
0.163743
0.166005
0.16827
0.17054
0.172813
0.175089
0.177368
0.17965
0.181936
0.184224
0.186514
0.188807
0.191102
0.193399
0.195699
0.198
0.200303
0.202608
0.204914
0.207222
0.209531
0.211842
0.214154
0.216467
0.218781
0.221096
0.223412
0.225728
0.228046
0.230364
0.232683
0.235003
0.237323
0.239644
0.241965
0.244286
0.246608
0.24893
0.251252
0.253574
0.255897
0.258219
0.260542
0.262864
0.265187
0.267509
0.269832
0.272154
0.274476
0.276798
0.279119
0.281441
0.283762
0.286082
0.288403
0.290723
0.293042
0.295361
0.29768
0.299998
0.302315
0.304632
0.306948
0.309264
0.311579
0.313894
0.316207
0.31852
0.320833
0.323144
0.325455
0.327765
0.330075
0.332383
0.334691
0.336998
0.339304
0.341609
0.343913
0.346216
0.348519
0.35082
0.35312
0.35542
0.357718
0.360016
0.362312
0.364608
0.366902
0.369196
0.371488
0.373779
0.376069
0.378358
0.380646
0.382933
0.385218
0.387503
0.389786
0.392068
0.394349
0.396629
0.398908
0.401185
0.403461
0.405736
0.408009
0.410282
0.412553
0.414823
0.417091
0.419358
0.421624
0.423889
0.426152
0.428414
0.430675
0.432934
0.435192
0.437449
0.439704
0.441958
0.44421
0.446461
0.448711
0.450959
0.453206
0.455452
0.457696
0.459938
0.462179
0.464419
0.466657
0.468894
0.471129
0.473363
0.475595
0.477826
0.480056
0.482284
0.48451
0.486735
0.488958
0.49118
0.4934
0.495619
0.497836
0.500052
0.502266
0.504479
0.50669
0.508899
0.511107
0.513313
0.515518
0.517721
0.519923
0.522123
0.524321
0.526518
0.528713
0.530906
0.533098
0.535288
0.537477
0.539664
0.541849
0.544033
0.546215
0.548395
0.550574
0.552751
0.554926
0.5571
0.559272
0.561442
0.563611
0.565778
0.567943
0.570107
0.572269
0.574429
0.576587
0.578744
0.580899
0.583052
0.585203
0.587353
0.589501
0.591647
0.593792
0.595935
0.598076
0.600215
0.602352
0.604488
0.606622
0.608754
0.610884
0.613013
0.61514
0.617265
0.619388
0.621509
0.623629
0.625746
0.627862
0.629976
0.632088
0.634199
0.636307
0.638414
0.640519
0.642622
0.644723
0.646822
0.64892
0.651015
0.653109
0.655201
0.657291
0.659379
0.661465
0.663549
0.665632
0.667712
0.669791
0.671867
0.673942
0.676015
0.678086
0.680155
0.682222
0.684287
0.68635
0.688411
0.69047
0.692527
0.694582
0.696636
0.698687
0.700736
0.702784
0.704829
0.706872
0.708914
0.710953
0.71299
0.715026
0.717059
0.71909
0.72112
0.723147
0.725172
0.727195
0.729216
0.731235
0.733252
0.735267
0.73728
0.73929
0.741299
0.743306
0.74531
0.747312
0.749313
0.751311
0.753307
0.755301
0.757292
0.759282
0.761269
0.763255
0.765238
0.767219
0.769198
0.771174
0.773149
0.775121
0.777091
0.779059
0.781024
0.782988
0.784949
0.786908
0.788865
0.79082
0.792772
0.794722
0.79667
0.798615
0.800558
0.802499
0.804438
0.806374
0.808309
0.81024
0.81217
0.814097
0.816022
0.817944
0.819864
0.821782
0.823698
0.825611
0.827521
0.82943
0.831335
0.833239
0.83514
0.837039
0.838935
0.840829
0.84272
0.844609
0.846496
0.84838
0.850262
0.852141
0.854017
0.855891
0.857763
0.859632
0.861499
0.863363
0.865224
0.867083
0.86894
0.870794
0.872645
0.874494
0.87634
0.878184
0.880024
0.881863
0.883699
0.885532
0.887362
0.88919
0.891015
0.892837
0.894657
0.896474
0.898289
0.9001
0.901909
0.903716
0.905519
0.90732
0.909118
0.910913
0.912706
0.914495
0.916282
0.918066
0.919847
0.921626
0.923402
0.925174
0.926944
0.928711
0.930475
0.932237
0.933995
0.93575
0.937503
0.939253
0.940999
0.942743
0.944484
0.946221
0.947956
0.949688
0.951417
0.953143
0.954865
0.956585
0.958302
0.960015
0.961726
0.963433
0.965138
0.966839
0.968537
0.970232
0.971924
0.973612
0.975298
0.97698
0.97866
0.980335
0.982008
0.983678
0.985344
0.987007
0.988667
0.990323
0.991977
0.993627
0.995273
0.996917
0.998557
1.00019
1.00183
1.00346
1.00508
1.00671
1.00833
1.00994
1.01156
1.01316
1.01477
1.01637
1.01797
1.01957
1.02116
1.02275
1.02433
1.02592
1.02749
1.02907
1.03064
1.03221
1.03377
1.03533
1.03689
1.03844
1.03999
1.04153
1.04307
1.04461
1.04615
1.04768
1.0492
1.05073
1.05225
1.05376
1.05527
1.05678
1.05829
1.05979
1.06128
1.06278
1.06426
1.06575
1.06723
1.06871
1.07018
1.07165
1.07312
1.07458
1.07603
1.07749
1.07894
1.08038
1.08182
1.08326
1.08469
1.08612
1.08755
1.08897
1.09039
1.0918
1.09321
1.09461
1.09601
1.09741
1.0988
1.10019
1.10157
1.10295
1.10433
1.1057
1.10707
1.10843
1.10979
1.11114
1.11249
1.11383
1.11518
1.11651
1.11784
1.11917
1.1205
1.12181
1.12313
1.12444
1.12574
1.12705
1.12834
1.12963
1.13092
1.13221
1.13348
1.13476
1.13603
1.13729
1.13855
1.13981
1.14106
1.14231
1.14355
1.14479
1.14602
1.14725
1.14847
1.14969
1.1509
1.15211
1.15332
1.15452
1.15571
1.1569
1.15809
1.15927
1.16044
1.16161
1.16278
1.16394
1.1651
1.16625
1.1674
1.16854
1.16967
1.17081
1.17193
1.17306
1.17417
1.17529
1.17639
1.17749
1.17859
1.17968
1.18077
1.18185
1.18293
1.184
1.18507
1.18613
1.18719
1.18824
1.18929
1.19033
1.19136
1.1924
1.19342
1.19444
1.19546
1.19647
1.19747
1.19847
1.19947
1.20046
1.20144
1.20242
1.2034
1.20436
1.20533
1.20628
1.20724
1.20818
1.20913
1.21006
1.21099
1.21192
1.21284
1.21376
1.21467
1.21557
1.21647
1.21736
1.21825
1.21913
1.22001
1.22088
1.22175
1.22261
1.22346
1.22431
1.22516
1.226
1.22683
1.22766
1.22848
1.2293
1.23011
1.23091
1.23171
1.23251
1.2333
1.23408
1.23486
1.23563
1.23639
1.23715
1.23791
1.23866
1.2394
1.24014
1.24087
1.2416
1.24232
1.24304
1.24375
1.24445
1.24515
1.24584
1.24653
1.24721
1.24788
1.24855
1.24922
1.24987
1.25053
1.25117
1.25181
1.25245
1.25308
1.2537
1.25432
1.25493
1.25554
1.25614
1.25673
1.25732
1.2579
1.25848
1.25905
1.25961
1.26017
1.26073
1.26127
1.26181
1.26235
1.26288
1.2634
1.26392
1.26443
1.26494
1.26544
1.26593
1.26642
1.26691
1.26738
1.26785
1.26832
1.26878
1.26923
1.26968
1.27012
1.27055
1.27098
1.27141
1.27182
1.27223
1.27264
1.27304
1.27343
1.27382
1.2742
1.27458
1.27495
1.27531
1.27567
1.27602
1.27637
1.27671
1.27704
1.27737
1.27769
1.27801
1.27832
1.27862
1.27892
1.27921
1.27949
1.27977
1.28005
1.28032
1.28058
1.28083
1.28108
1.28133
1.28157
1.2818
1.28203
1.28225
1.28246
1.28267
1.28287
1.28307
1.28326
1.28344
1.28362
1.28379
1.28396
1.28412
1.28427
1.28442
1.28456
1.2847
1.28483
1.28495
1.28507
1.28518
1.28529
1.28539
1.28549
1.28557
1.28566
1.28573
1.28581
1.28587
1.28593
1.28598
1.28603
1.28607
1.28611
1.28613
1.28616
1.28618
1.28619
1.28619
1.28619
1.28619
1.28617
1.28616
1.28613
1.2861
1.28607
1.28602
1.28598
1.28592
1.28586
1.2858
1.28573
1.28565
1.28557
1.28548
1.28538
1.28528
1.28518
1.28507
1.28495
1.28483
1.2847
1.28456
1.28442
1.28427
1.28412
1.28396
1.2838
1.28363
1.28345
1.28327
1.28308
1.28289
1.28269
1.28249
1.28228
1.28206
1.28184
1.28161
1.28138
1.28114
1.28089
1.28064
1.28039
1.28013
1.27986
1.27959
1.27931
1.27902
1.27873
1.27844
1.27814
1.27783
1.27752
1.2772
1.27688
1.27655
1.27621
1.27587
1.27553
1.27518
1.27482
1.27446
1.27409
1.27371
1.27334
1.27295
1.27256
1.27216
1.27176
1.27136
1.27094
1.27053
1.2701
1.26968
1.26924
1.2688
1.26836
1.26791
1.26745
1.26699
1.26652
1.26605
1.26558
1.26509
1.26461
1.26411
1.26361
1.26311
1.2626
1.26209
1.26157
1.26104
1.26051
1.25997
1.25943
1.25889
1.25834
1.25778
1.25722
1.25665
1.25608
1.2555
1.25492
1.25433
1.25374
1.25314
1.25254
1.25193
1.25131
1.25069
1.25007
1.24944
1.24881
1.24817
1.24752
1.24687
1.24622
1.24556
1.2449
1.24423
1.24355
1.24287
1.24219
1.2415
1.2408
1.2401
1.2394
1.23869
1.23798
1.23726
1.23653
1.2358
1.23507
1.23433
1.23359
1.23284
1.23208
1.23132
1.23056
1.22979
1.22902
1.22824
1.22746
1.22667
1.22588
1.22508
1.22428
1.22348
1.22267
1.22185
1.22103
1.2202
1.21937
1.21854
1.2177
1.21686
1.21601
1.21515
1.2143
1.21343
1.21257
1.21169
1.21082
1.20994
1.20905
1.20816
1.20727
1.20637
1.20546
1.20456
1.20364
1.20273
1.2018
1.20088
1.19995
1.19901
1.19807
1.19713
1.19618
1.19523
1.19427
1.19331
1.19234
1.19137
1.1904
1.18942
1.18843
1.18745
1.18645
1.18546
1.18446
1.18345
1.18244
1.18143
1.18041
1.17939
1.17836
1.17733
1.1763
1.17526
1.17421
1.17317
1.17212
1.17106
1.17
1.16894
1.16787
1.1668
1.16572
1.16464
1.16356
1.16247
1.16137
1.16028
1.15918
1.15807
1.15696
1.15585
1.15474
1.15362
1.15249
1.15136
1.15023
1.14909
1.14795
1.14681
1.14566
1.14451
1.14335
1.14219
1.14103
1.13986
1.13869
1.13752
1.13634
1.13516
1.13397
1.13278
1.13159
1.13039
1.12919
1.12798
1.12678
1.12556
1.12435
1.12313
1.12191
1.12068
1.11945
1.11822
1.11698
1.11574
1.11449
1.11325
1.11199
1.11074
1.10948
1.10822
1.10695
1.10568
1.10441
1.10314
1.10186
1.10057
1.09929
1.098
1.09671
1.09541
1.09411
1.09281
1.0915
1.0902
1.08888
1.08757
1.08625
1.08493
1.0836
1.08228
1.08094
1.07961
1.07827
1.07693
1.07559
1.07424
1.07289
1.07154
1.07019
1.06883
1.06747
1.0661
1.06474
1.06337
1.06199
1.06062
1.05924
1.05786
1.05647
1.05509
1.0537
1.0523
1.05091
1.04951
1.04811
1.04671
1.0453
1.0439
1.04249
1.04107
1.03966
1.03824
1.03682
1.0354
1.03397
1.03254
1.03111
1.02968
1.02825
1.02681
1.02537
1.02393
1.02249
1.02104
1.01959
1.01814
1.01669
1.01524
1.01378
1.01233
1.01087
1.0094
1.00794
1.00648
1.00501
1.00354
1.00207
1.0006
0.999124
0.997649
0.996172
0.994693
0.993213
0.991732
0.990249
0.988764
0.987278
0.985791
0.984303
0.982813
0.981322
0.97983
0.978337
0.976843
0.975348
0.973851
0.972354
0.970856
0.969357
0.967857
0.966357
0.964855
0.963353
0.961851
0.960347
0.958844
0.957339
0.955835
0.954329
0.952824
0.951318
0.949812
0.948306
0.9468
0.945294
0.943787
0.942281
0.940775
0.939269
0.937763
0.936257
0.934752
0.933247
0.931742
0.930238
0.928735
0.927232
0.92573
0.924229
0.922728
0.921229
0.91973
0.918232
0.916736
0.91524
0.913746
0.912253
0.910762
0.909272
0.907783
0.906296
0.904811
0.903327
0.901846
0.900366
0.898888
0.897412
0.895938
0.894467
0.892997
0.891531
0.890066
0.888604
0.887145
0.885688
0.884235
0.882784
0.881336
0.879891
0.878449
0.877011
0.875575
0.874144
0.872715
0.871291
0.86987
0.868453
0.86704
0.865631
0.864225
0.862825
0.861428
0.860036
0.858648
0.857265
0.855887
0.854513
0.853145
0.851781
0.850423
0.84907
0.847722
0.84638
0.845044
0.843713
0.842388
0.841069
0.839756
0.838449
0.837148
0.835854
0.834567
0.833286
0.832012
0.830745
0.829485
0.828232
0.826986
0.825748
0.824517
0.823294
0.822079
0.820872
0.819673
0.818482
0.8173
0.816126
0.814961
0.813804
0.812656
0.811518
0.810388
0.809268
0.808157
0.807056
0.805965
0.804884
0.803812
0.802751
0.8017
0.80066
0.79963
0.798611
0.797603
0.796606
0.79562
0.794646
0.793683
0.792732
0.791792
0.790865
0.78995
0.789047
0.788156
0.787278
0.786413
0.785561
0.784722
0.783896
0.783083
0.782284
0.781498
0.780727
0.779969
0.779226
0.778496
0.777782
0.777082
0.776396
0.775726
0.775071
0.774431
0.773806
0.773197
0.772604
0.772026
0.771465
0.770919
0.77039
0.769878
0.769382
0.768903
0.768441
0.767996
0.767568
0.767158
0.766765
0.76639
0.766033
0.765693
0.765372
0.765069
0.764785
0.764519
0.764272
0.764043
0.763834
0.763644
0.763473
0.763321
0.763189
0.763077
0.762984
0.762912
0.762859
0.762827
0.762814
0.762823
0.762852
0.762901
0.762971
0.763063
0.763175
0.763308
0.763463
0.763639
0.763836
0.764055
0.764296
0.764558
0.764843
0.765149
0.765477
0.765828
0.7662
0.766595
0.767013
0.767453
0.767915
0.7684
0.768908
0.769439
0.769992
0.770569
0.771168
0.77179
0.772436
0.773105
0.773797
0.774512
0.775251
0.776013
0.776799
0.777608
0.77844
0.779296
0.780176
0.781079
0.782006
0.782956
0.783931
0.784929
0.78595
0.786996
0.788065
0.789158
0.790275
0.791415
0.792579
0.793767
0.794979
0.796215
0.797474
0.798758
0.800064
0.801395
0.802749
0.804127
0.805529
0.806954
0.808403
0.809876
0.811372
0.812891
0.814434
0.816001
0.81759
0.819203
0.82084
0.822499
0.824182
0.825888
0.827617
0.829369
0.831144
0.832942
0.834763
0.836606
0.838472
0.840361
0.842272
0.844206
0.846162
0.84814
0.850141
0.852164
0.854209
0.856276
0.858364
0.860475
0.862607
0.864761
0.866936
0.869133
0.871351
0.873591
0.875851
0.878133
0.880435
0.882758
0.885102
0.887467
0.889852
0.892257
0.894683
0.897129
0.899595
0.902081
0.904587
0.907113
0.909658
0.912222
0.914806
0.917409
0.920032
0.922673
0.925333
0.928012
0.93071
0.933426
0.936161
0.938914
0.941685
0.944474
0.947281
0.950105
0.952948
0.955808
0.958685
0.961579
0.964491
0.967419
0.970365
0.973327
0.976306
0.979301
0.982313
0.98534
0.988384
0.991444
0.99452
0.997611
1.00072
1.00384
1.00698
1.01013
1.0133
1.01648
1.01968
1.02289
1.02612
1.02936
1.03261
1.03588
1.03916
1.04246
1.04577
1.04909
1.05243
1.05578
1.05915
1.06252
1.06591
1.06931
1.07273
1.07616
1.0796
1.08305
1.08651
1.08999
1.09348
1.09697
1.10049
1.10401
1.10754
1.11109
1.11464
1.11821
1.12179
1.12537
1.12897
1.13258
1.1362
1.13983
1.14347
1.14712
1.15077
1.15444
1.15812
1.16181
1.1655
1.16921
1.17292
1.17665
1.18038
1.18412
1.18787
1.19162
1.19539
1.19916
1.20294
1.20673
1.21053
1.21433
1.21814
1.22196
1.22579
1.22962
1.23346
1.23731
1.24116
1.24502
1.24888
1.25276
1.25664
1.26052
1.26441
1.26831
1.27221
1.27612
1.28003
1.28395
1.28788
1.2918
1.29574
1.29968
1.30362
1.30757
1.31152
1.31548
1.31944
1.32341
1.32738
1.33135
1.33533
1.33931
1.3433
1.34728
1.35128
1.35527
1.35927
1.36327
1.36727
1.37128
1.37529
1.3793
1.38332
1.38734
1.39136
1.39538
1.3994
1.40343
1.40745
1.41148
1.41551
1.41955
1.42358
1.42761
1.43165
1.43569
1.43972
1.44376
1.4478
1.45184
1.45588
1.45992
1.46397
1.46801
1.47205
1.47609
1.48013
1.48417
1.48821
1.49225
1.49629
1.50033
1.50437
1.50841
1.51245
1.51648
1.52052
1.52455
1.52858
1.53261
1.53664
1.54067
1.5447
1.54872
1.55274
1.55676
1.56078
1.56479
1.56881
1.57282
1.57683
1.58083
1.58483
1.58883
1.59283
1.59682
1.60082
1.6048
1.60879
1.61277
1.61675
1.62072
1.62469
1.62866
1.63262
1.63658
1.64053
1.64448
1.64843
1.65237
1.6563
1.66024
1.66416
1.66809
1.67201
1.67592
1.67983
1.68373
1.68763
1.69152
1.69541
1.69929
1.70317
1.70704
1.7109
1.71476
1.71861
1.72246
1.7263
1.73014
1.73397
1.73779
1.7416
1.74541
1.74922
1.75301
1.7568
1.76058
1.76436
1.76813
1.77189
1.77564
1.77939
1.78313
1.78686
1.79059
1.7943
1.79801
1.80171
1.80541
1.80909
1.81277
1.81644
1.8201
1.82375
1.8274
1.83103
1.83466
1.83828
1.84189
1.84549
1.84908
1.85267
1.85624
1.85981
1.86336
1.86691
1.87045
1.87398
1.87749
1.881
1.8845
1.88799
1.89147
1.89494
1.8984
1.90185
1.90529
1.90872
1.91214
1.91555
1.91895
1.92234
1.92572
1.92908
1.93244
1.93579
1.93912
1.94244
1.94576
1.94906
1.95235
1.95563
1.9589
1.96215
1.9654
1.96863
1.97186
1.97507
1.97827
1.98145
1.98463
1.98779
1.99094
1.99408
1.99721
2.00033
2.00343
2.00652
2.0096
2.01266
2.01572
2.01876
2.02179
2.0248
2.02781
2.0308
2.03377
2.03674
2.03969
2.04263
2.04555
2.04846
2.05136
2.05424
2.05712
2.05997
2.06282
2.06565
2.06847
2.07127
2.07406
2.07684
2.0796
2.08235
2.08508
2.0878
2.09051
2.0932
2.09588
2.09854
2.10119
2.10382
2.10644
2.10905
2.11164
2.11422
2.11678
2.11933
2.12186
2.12438
2.12688
2.12936
2.13184
2.13429
2.13674
2.13916
2.14158
2.14397
2.14635
2.14872
2.15107
2.15341
2.15573
2.15803
2.16032
2.16259
2.16485
2.16709
2.16932
2.17152
2.17372
2.1759
2.17806
2.1802
2.18233
2.18445
2.18655
2.18863
2.19069
2.19274
2.19477
2.19679
2.19879
2.20077
2.20274
2.20469
2.20662
2.20854
2.21044
2.21232
2.21419
2.21604
2.21787
2.21969
2.22149
2.22327
2.22503
2.22678
2.22851
2.23023
2.23192
2.2336
2.23527
2.23691
2.23854
2.24015
2.24174
2.24332
2.24488
2.24642
2.24794
2.24945
2.25094
2.25241
2.25386
2.2553
2.25671
2.25811
2.2595
2.26086
2.26221
2.26354
2.26485
2.26614
2.26742
2.26868
2.26992
2.27114
2.27234
2.27353
2.2747
2.27585
2.27698
2.27809
2.27919
2.28026
2.28132
2.28236
2.28339
2.28439
2.28538
2.28634
2.28729
2.28822
2.28914
2.29003
2.29091
2.29177
2.2926
2.29342
2.29423
2.29501
2.29578
2.29652
2.29725
2.29796
2.29865
2.29932
2.29998
2.30061
2.30123
2.30183
2.30241
2.30297
2.30351
2.30403
2.30454
2.30502
2.30549
2.30594
2.30637
2.30678
2.30717
2.30755
2.3079
2.30824
2.30855
2.30885
2.30913
2.30939
2.30963
2.30986
2.31006
2.31025
2.31041
2.31056
2.31069
2.3108
2.31089
2.31097
2.31102
2.31105
2.31107
2.31107
2.31105
2.311
2.31095
2.31087
2.31077
2.31065
2.31052
2.31037
2.31019
2.31
2.30979
2.30956
2.30932
2.30905
2.30876
2.30846
2.30814
2.3078
2.30744
2.30706
2.30666
2.30624
2.30581
2.30535
2.30488
2.30439
2.30388
2.30335
2.3028
2.30224
2.30165
2.30105
2.30042
2.29978
2.29912
2.29845
2.29775
2.29703
2.2963
2.29555
2.29478
2.29399
2.29318
2.29235
2.29151
2.29065
2.28976
2.28886
2.28795
2.28701
2.28605
2.28508
2.28409
2.28308
2.28205
2.281
2.27994
2.27886
2.27775
2.27663
2.2755
2.27434
2.27317
2.27198
2.27077
2.26954
2.26829
2.26703
2.26575
2.26445
2.26313
2.2618
2.26044
2.25907
2.25768
2.25628
2.25485
2.25341
2.25195
2.25047
2.24898
2.24747
2.24594
2.24439
2.24283
2.24124
2.23964
2.23803
2.23639
2.23474
2.23307
2.23139
2.22968
2.22796
2.22623
2.22447
2.2227
2.22091
2.21911
2.21728
2.21544
2.21359
2.21172
2.20983
2.20792
2.206
2.20406
2.2021
2.20013
2.19814
2.19613
2.19411
2.19207
2.19001
2.18794
2.18585
2.18375
2.18163
2.17949
2.17734
2.17517
2.17299
2.17078
2.16857
2.16633
2.16409
2.16182
2.15954
2.15725
2.15494
2.15261
2.15027
2.14791
2.14553
2.14315
2.14074
2.13832
2.13589
2.13344
2.13097
2.12849
2.126
2.12349
2.12096
2.11842
2.11587
2.1133
2.11071
2.10811
2.1055
2.10287
2.10023
2.09757
2.0949
2.09221
2.08951
2.0868
2.08407
2.08133
2.07857
2.0758
2.07301
2.07021
2.0674
2.06458
2.06174
2.05888
2.05601
2.05313
2.05024
2.04733
2.04441
2.04148
2.03853
2.03557
2.03259
2.02961
2.02661
2.02359
2.02057
2.01753
2.01448
2.01141
2.00834
2.00525
2.00215
1.99903
1.99591
1.99277
1.98962
1.98645
1.98328
1.98009
1.97689
1.97368
1.97046
1.96723
1.96398
1.96072
1.95745
1.95417
1.95088
1.94758
1.94426
1.94094
1.9376
1.93425
1.93089
1.92752
1.92414
1.92075
1.91735
1.91394
1.91051
1.90708
1.90364
1.90018
1.89672
1.89324
1.88976
1.88626
1.88276
1.87924
1.87572
1.87218
1.86864
1.86509
1.86152
1.85795
1.85437
1.85078
1.84718
1.84357
1.83995
1.83632
1.83269
1.82904
1.82539
1.82173
1.81805
1.81437
1.81069
1.80699
1.80329
1.79957
1.79585
1.79212
1.78839
1.78464
1.78089
1.77713
1.77336
1.76959
1.7658
1.76201
1.75822
1.75441
1.7506
1.74678
1.74296
1.73912
1.73528
1.73144
1.72759
1.72373
1.71986
1.71599
1.71211
1.70823
1.70434
1.70044
1.69654
1.69263
1.68871
1.68479
1.68087
1.67694
1.673
1.66906
1.66511
1.66116
1.6572
1.65324
1.64928
1.6453
1.64133
1.63735
1.63336
1.62937
1.62538
1.62138
1.61737
1.61337
1.60936
1.60534
1.60132
1.5973
1.59328
1.58925
1.58521
1.58118
1.57714
1.5731
1.56905
1.565
1.56095
1.5569
1.55284
1.54878
1.54472
1.54065
1.53659
1.53252
1.52845
1.52437
1.5203
1.51622
1.51214
1.50806
1.50398
1.4999
1.49581
1.49173
1.48764
1.48355
1.47946
1.47537
1.47128
1.46719
1.4631
1.459
1.45491
1.45082
1.44672
1.44263
1.43854
1.43444
1.43035
1.42626
1.42217
1.41808
1.41398
1.40989
1.4058
1.40172
1.39763
1.39354
1.38946
1.38537
1.38129
1.37721
1.37313
1.36905
1.36498
1.36091
1.35683
1.35276
1.3487
1.34463
1.34057
1.33651
1.33246
1.3284
1.32435
1.3203
1.31626
1.31222
1.30818
1.30415
1.30011
1.29609
1.29206
1.28804
1.28403
1.28002
1.27601
1.27201
1.26801
1.26402
1.26003
1.25604
1.25206
1.24809
1.24412
1.24016
1.2362
1.23225
1.2283
1.22436
1.22042
1.21649
1.21257
1.20865
1.20474
1.20083
1.19694
1.19304
1.18916
1.18528
1.18141
1.17755
1.17369
1.16984
1.166
1.16216
1.15834
1.15452
1.15071
1.14691
1.14311
1.13932
1.13555
1.13178
1.12802
1.12427
1.12052
1.11679
1.11306
1.10935
1.10564
1.10195
1.09826
1.09458
1.09092
1.08726
1.08361
1.07998
1.07635
1.07274
1.06913
1.06554
1.06195
1.05838
1.05482
1.05127
1.04773
1.04421
1.04069
1.03719
1.0337
1.03022
1.02675
1.0233
1.01986
1.01643
1.01301
1.00961
1.00622
1.00284
0.999476
0.996126
0.992788
0.989465
0.986155
0.982859
0.979577
0.97631
0.973056
0.969817
0.966593
0.963383
0.960188
0.957009
0.953844
0.950694
0.94756
0.944442
0.941339
0.938252
0.93518
0.932125
0.929086
0.926063
0.923057
0.920067
0.917094
0.914137
0.911198
0.908276
0.90537
0.902483
0.899612
0.89676
0.893925
0.891108
0.888308
0.885527
0.882764
0.88002
0.877294
0.874587
0.871898
0.869228
0.866577
0.863946
0.861333
0.85874
0.856166
0.853612
0.851078
0.848563
0.846069
0.843594
0.84114
0.838706
0.836292
0.833899
0.831526
0.829175
0.826844
0.824534
0.822245
0.819977
0.81773
0.815505
0.813302
0.81112
0.808959
0.806821
0.804704
0.802609
0.800536
0.798486
0.796458
0.794452
0.792468
0.790507
0.788568
0.786653
0.78476
0.782889
0.781042
0.779218
0.777416
0.775638
0.773883
0.772151
0.770443
0.768758
0.767096
0.765458
0.763844
0.762253
0.760685
0.759142
0.757622
0.756126
0.754653
0.753205
0.75178
0.75038
0.749003
0.747651
0.746322
0.745017
0.743737
0.742481
0.741248
0.74004
0.738856
0.737696
0.73656
0.735449
0.734361
0.733298
0.732258
0.731243
0.730252
0.729285
0.728342
0.727423
0.726529
0.725658
0.724811
0.723988
0.723189
0.722414
0.721663
0.720935
0.720232
0.719552
0.718895
0.718263
0.717653
0.717068
0.716505
0.715966
0.715451
0.714958
0.714489
0.714042
0.713619
0.713219
0.712841
0.712487
0.712154
0.711845
0.711558
0.711293
0.711051
0.710831
0.710633
0.710457
0.710302
0.71017
0.710059
0.70997
0.709902
0.709856
0.70983
0.709826
0.709843
0.709881
0.709939
0.710018
0.710117
0.710237
0.710377
0.710537
0.710717
0.710917
0.711136
0.711375
0.711634
0.711911
0.712208
0.712524
0.712858
0.713211
0.713583
0.713973
0.714381
0.714807
0.715252
0.715714
0.716193
0.71669
0.717205
0.717736
0.718285
0.71885
0.719432
0.720031
0.720646
0.721277
0.721925
0.722588
0.723267
0.723961
0.724671
0.725397
0.726137
0.726893
0.727663
0.728448
0.729247
0.730061
0.730888
0.73173
0.732586
0.733455
0.734338
0.735235
0.736144
0.737067
0.738002
0.738951
0.739912
0.740885
0.741871
0.742869
0.743878
0.7449
0.745934
0.746978
0.748035
0.749102
0.750181
0.751271
0.752371
0.753482
0.754604
0.755736
0.756878
0.75803
0.759192
0.760364
0.761546
0.762737
0.763937
0.765147
0.766366
0.767594
0.76883
0.770075
0.771329
0.772592
0.773862
0.775141
0.776427
0.777722
0.779024
0.780335
0.781652
0.782977
0.784309
0.785649
0.786995
0.788348
0.789708
0.791075
0.792448
0.793828
0.795214
0.796606
0.798005
0.799409
0.800819
0.802235
0.803657
0.805084
0.806516
0.807954
0.809397
0.810845
0.812298
0.813756
0.815219
0.816687
0.818159
0.819636
0.821117
0.822602
0.824092
0.825585
0.827083
0.828585
0.83009
0.831599
0.833112
0.834628
0.836148
0.837672
0.839198
0.840728
0.842261
0.843797
0.845336
0.846878
0.848422
0.84997
0.85152
0.853072
0.854627
0.856185
0.857745
0.859307
0.860871
0.862437
0.864006
0.865576
0.867149
0.868723
0.870299
0.871876
0.873455
0.875036
0.876618
0.878202
0.879787
0.881373
0.882961
0.88455
0.88614
0.88773
0.889322
0.890915
0.892509
0.894103
0.895698
0.897294
0.898891
0.900488
0.902086
0.903684
0.905282
0.906881
0.908481
0.91008
0.91168
0.91328
0.91488
0.91648
0.91808
0.91968
0.92128
0.922879
0.924479
0.926078
0.927677
0.929276
0.930874
0.932472
0.93407
0.935667
0.937264
0.938859
0.940455
0.942049
0.943643
0.945236
0.946829
0.94842
0.950011
0.951601
0.953189
0.954777
0.956364
0.95795
0.959534
0.961118
0.9627
0.964281
0.965861
0.96744
0.969017
0.970593
0.972168
0.973741
0.975313
0.976883
0.978452
0.980019
0.981585
0.983149
0.984711
0.986272
0.987831
0.989388
0.990944
0.992497
0.994049
0.995599
0.997148
0.998694
1.00024
1.00178
1.00332
1.00486
1.0064
1.00793
1.00946
1.01099
1.01252
1.01405
1.01557
1.01709
1.01861
1.02013
1.02164
1.02315
1.02466
1.02617
1.02767
1.02918
1.03068
1.03218
1.03367
1.03516
1.03665
1.03814
1.03962
1.04111
1.04259
1.04406
1.04554
1.04701
1.04848
1.04994
1.05141
1.05287
1.05433
1.05578
1.05723
1.05868
1.06013
1.06157
1.06301
1.06445
1.06588
1.06731
1.06874
1.07017
1.07159
1.07301
1.07442
1.07584
1.07725
1.07865
1.08006
1.08146
1.08285
1.08425
1.08564
1.08703
1.08841
1.08979
1.09117
1.09254
1.09391
1.09528
1.09664
1.098
1.09936
1.10071
1.10206
1.10341
1.10475
1.10609
1.10743
1.10876
1.11009
1.11141
1.11273
1.11405
1.11536
1.11667
1.11798
1.11928
1.12058
1.12188
1.12317
1.12446
1.12574
1.12702
1.1283
1.12957
1.13084
1.1321
1.13337
1.13462
1.13587
1.13712
1.13837
1.13961
1.14085
1.14208
1.14331
1.14453
1.14575
1.14697
1.14818
1.14939
1.1506
1.1518
1.15299
1.15418
1.15537
1.15655
1.15773
1.15891
1.16008
1.16125
1.16241
1.16357
1.16472
1.16587
1.16701
1.16815
1.16929
1.17042
1.17155
1.17267
1.17379
1.1749
1.17601
1.17711
1.17821
1.17931
1.1804
1.18149
1.18257
1.18364
1.18472
1.18578
1.18685
1.18791
1.18896
1.19001
1.19105
1.19209
1.19313
1.19416
1.19518
1.1962
1.19722
1.19823
1.19924
1.20024
1.20123
1.20223
1.20321
1.20419
1.20517
1.20614
1.20711
1.20807
1.20903
1.20998
1.21093
1.21187
1.2128
1.21374
1.21466
1.21558
1.2165
1.21741
1.21832
1.21922
1.22011
1.221
1.22189
1.22277
1.22364
1.22451
1.22538
1.22624
1.22709
1.22794
1.22878
1.22962
1.23045
1.23128
1.2321
1.23292
1.23373
1.23454
1.23534
1.23613
1.23692
1.2377
1.23848
1.23925
1.24002
1.24078
1.24154
1.24229
1.24304
1.24378
1.24451
1.24524
1.24596
1.24668
1.24739
1.2481
1.2488
1.24949
1.25018
1.25086
1.25154
1.25221
1.25288
1.25354
1.2542
1.25484
1.25549
1.25613
1.25676
1.25738
1.258
1.25862
1.25923
1.25983
1.26042
1.26102
1.2616
1.26218
1.26275
1.26332
1.26388
1.26444
1.26498
1.26553
1.26606
1.2666
1.26712
1.26764
1.26815
1.26866
1.26916
1.26966
1.27015
1.27063
1.27111
1.27158
1.27204
1.2725
1.27295
1.2734
1.27384
1.27428
1.2747
1.27512
1.27554
1.27595
1.27635
1.27675
1.27714
1.27753
1.27791
1.27828
1.27864
1.279
1.27936
1.2797
1.28005
1.28038
1.28071
1.28103
1.28135
1.28166
1.28196
1.28226
1.28255
1.28283
1.28311
1.28338
1.28365
1.28391
1.28416
1.28441
1.28465
1.28488
1.28511
1.28533
1.28554
1.28575
1.28595
1.28615
1.28634
1.28652
1.28669
1.28686
1.28703
1.28718
1.28733
1.28748
1.28762
1.28775
1.28787
1.28799
1.2881
1.28821
1.2883
1.2884
1.28848
1.28856
1.28863
1.2887
1.28876
1.28881
1.28886
1.2889
1.28893
1.28896
1.28898
1.289
1.289
1.28901
1.289
1.28899
1.28897
1.28895
1.28892
1.28888
1.28883
1.28878
1.28873
1.28866
1.28859
1.28852
1.28843
1.28834
1.28825
1.28814
1.28803
1.28792
1.2878
1.28767
1.28753
1.28739
1.28724
1.28709
1.28693
1.28676
1.28658
1.2864
1.28622
1.28602
1.28582
1.28562
1.2854
1.28518
1.28496
1.28472
1.28448
1.28424
1.28399
1.28373
1.28346
1.28319
1.28291
1.28263
1.28234
1.28204
1.28174
1.28143
1.28111
1.28079
1.28046
1.28012
1.27978
1.27943
1.27908
1.27872
1.27835
1.27798
1.27759
1.27721
1.27681
1.27642
1.27601
1.2756
1.27518
1.27475
1.27432
1.27388
1.27344
1.27299
1.27253
1.27207
1.2716
1.27113
1.27065
1.27016
1.26966
1.26916
1.26866
1.26814
1.26762
1.2671
1.26657
1.26603
1.26549
1.26494
1.26438
1.26382
1.26325
1.26267
1.26209
1.26151
1.26091
1.26031
1.25971
1.2591
1.25848
1.25786
1.25723
1.25659
1.25595
1.2553
1.25465
1.25399
1.25332
1.25265
1.25197
1.25129
1.2506
1.2499
1.2492
1.24849
1.24778
1.24706
1.24634
1.2456
1.24487
1.24412
1.24338
1.24262
1.24186
1.24109
1.24032
1.23955
1.23876
1.23797
1.23718
1.23638
1.23557
1.23476
1.23394
1.23312
1.23229
1.23145
1.23061
1.22977
1.22891
1.22806
1.22719
1.22632
1.22545
1.22457
1.22368
1.22279
1.2219
1.221
1.22009
1.21918
1.21826
1.21733
1.2164
1.21547
1.21453
1.21358
1.21263
1.21168
1.21072
1.20975
1.20878
1.2078
1.20682
1.20583
1.20483
1.20384
1.20283
1.20182
1.20081
1.19979
1.19877
1.19774
1.1967
1.19566
1.19462
1.19357
1.19251
1.19145
1.19038
1.18931
1.18824
1.18716
1.18607
1.18498
1.18389
1.18279
1.18168
1.18057
1.17945
1.17833
1.17721
1.17608
1.17495
1.17381
1.17266
1.17151
1.17036
1.1692
1.16804
1.16687
1.1657
1.16452
1.16334
1.16215
1.16096
1.15976
1.15856
1.15735
1.15615
1.15493
1.15371
1.15249
1.15126
1.15003
1.14879
1.14755
1.1463
1.14505
1.1438
1.14254
1.14127
1.14
1.13873
1.13746
1.13617
1.13489
1.1336
1.1323
1.13101
1.1297
1.1284
1.12708
1.12577
1.12445
1.12313
1.1218
1.12047
1.11913
1.11779
1.11644
1.1151
1.11374
1.11239
1.11103
1.10966
1.10829
1.10692
1.10554
1.10416
1.10278
1.10139
1.1
1.0986
1.0972
1.0958
1.09439
1.09298
1.09156
1.09014
1.08872
1.08729
1.08586
1.08442
1.08299
1.08154
1.0801
1.07865
1.0772
1.07574
1.07428
1.07281
1.07135
1.06988
1.0684
1.06692
1.06544
1.06395
1.06246
1.06097
1.05948
1.05798
1.05647
1.05497
1.05346
1.05194
1.05043
1.04891
1.04738
1.04585
1.04432
1.04279
1.04125
1.03971
1.03817
1.03662
1.03507
1.03352
1.03196
1.0304
1.02884
1.02727
1.0257
1.02413
1.02255
1.02097
1.01939
1.0178
1.01621
1.01462
1.01303
1.01143
1.00983
1.00822
1.00661
1.005
1.00339
1.00177
1.00015
0.998532
0.996906
0.995277
0.993646
0.992011
0.990374
0.988733
0.98709
0.985444
0.983794
0.982142
0.980487
0.97883
0.977169
0.975505
0.973839
0.97217
0.970498
0.968823
0.967145
0.965465
0.963782
0.962096
0.960407
0.958716
0.957021
0.955324
0.953625
0.951922
0.950217
0.94851
0.946799
0.945086
0.94337
0.941652
0.939931
0.938207
0.936481
0.934752
0.93302
0.931286
0.929549
0.92781
0.926068
0.924324
0.922577
0.920827
0.919075
0.91732
0.915563
0.913803
0.912041
0.910276
0.908509
0.906739
0.904967
0.903192
0.901415
0.899636
0.897854
0.896069
0.894282
0.892493
0.890701
0.888907
0.88711
0.885311
0.88351
0.881706
0.8799
0.878091
0.87628
0.874467
0.872651
0.870833
0.869012
0.86719
0.865365
0.863537
0.861707
0.859875
0.858041
0.856204
0.854365
0.852524
0.85068
0.848834
0.846986
0.845136
0.843283
0.841428
0.839571
0.837711
0.835849
0.833985
0.832119
0.83025
0.828379
0.826506
0.824631
0.822754
0.820874
0.818992
0.817108
0.815221
0.813333
0.811442
0.809549
0.807654
0.805756
0.803857
0.801955
0.800051
0.798145
0.796237
0.794326
0.792414
0.790499
0.788582
0.786663
0.784741
0.782818
0.780892
0.778965
0.777035
0.775103
0.773169
0.771232
0.769294
0.767353
0.765411
0.763466
0.761519
0.75957
0.757618
0.755665
0.75371
0.751752
0.749792
0.747831
0.745867
0.743901
0.741933
0.739963
0.73799
0.736016
0.734039
0.732061
0.73008
0.728097
0.726112
0.724125
0.722136
0.720145
0.718152
0.716157
0.714159
0.71216
0.710158
0.708155
0.706149
0.704141
0.702132
0.70012
0.698106
0.69609
0.694072
0.692052
0.690029
0.688005
0.685979
0.68395
0.68192
0.679887
0.677853
0.675816
0.673778
0.671737
0.669694
0.667649
0.665603
0.663554
0.661503
0.65945
0.657395
0.655338
0.653279
0.651218
0.649154
0.647089
0.645022
0.642953
0.640881
0.638808
0.636733
0.634655
0.632576
0.630495
0.628411
0.626326
0.624238
0.622149
0.620057
0.617964
0.615868
0.613771
0.611671
0.60957
0.607466
0.605361
0.603253
0.601144
0.599032
0.596919
0.594803
0.592685
0.590566
0.588444
0.586321
0.584195
0.582068
0.579939
0.577807
0.575674
0.573538
0.571401
0.569262
0.567121
0.564977
0.562832
0.560685
0.558536
0.556385
0.554232
0.552077
0.54992
0.547761
0.545601
0.543438
0.541273
0.539107
0.536938
0.534768
0.532596
0.530422
0.528245
0.526067
0.523888
0.521706
0.519522
0.517336
0.515149
0.51296
0.510768
0.508575
0.50638
0.504184
0.501985
0.499784
0.497582
0.495378
0.493172
0.490964
0.488754
0.486543
0.484329
0.482114
0.479897
0.477679
0.475458
0.473236
0.471012
0.468786
0.466558
0.464329
0.462098
0.459865
0.45763
0.455394
0.453156
0.450916
0.448675
0.446431
0.444187
0.44194
0.439692
0.437442
0.435191
0.432937
0.430683
0.428426
0.426168
0.423909
0.421647
0.419385
0.41712
0.414854
0.412587
0.410318
0.408047
0.405775
0.403502
0.401227
0.39895
0.396672
0.394393
0.392112
0.389829
0.387546
0.38526
0.382974
0.380686
0.378397
0.376106
0.373814
0.371521
0.369227
0.366931
0.364634
0.362335
0.360036
0.357735
0.355433
0.35313
0.350826
0.348521
0.346214
0.343907
0.341598
0.339289
0.336978
0.334666
0.332354
0.33004
0.327726
0.32541
0.323094
0.320777
0.318459
0.316141
0.313821
0.311501
0.30918
0.306859
0.304537
0.302214
0.29989
0.297567
0.295242
0.292917
0.290592
0.288267
0.285941
0.283614
0.281288
0.278961
0.276634
0.274307
0.27198
0.269653
0.267326
0.264998
0.262672
0.260345
0.258018
0.255692
0.253366
0.251041
0.248716
0.246391
0.244067
0.241744
0.239422
0.2371
0.23478
0.23246
0.230141
0.227824
0.225508
0.223193
0.22088
0.218568
0.216258
0.21395
0.211644
0.20934
0.207037
0.204738
0.20244
0.200145
0.197853
0.195564
0.193277
0.190994
0.188714
0.186438
0.184165
0.181897
0.179632
0.177372
0.175117
0.172866
0.17062
0.16838
0.166146
0.163917
0.161694
0.159478
0.157269
0.155068
0.152874
0.150687
0.14851
0.146341
0.144182
0.142032
0.139893
0.137764
0.135648
0.133543
0.131451
0.129373
0.127308
0.125259
0.123225
0.121208
0.119208
0.117227
0.115266
0.113324
0.111405
0.109509
0.107636
0.10579
0.10397
0.102179
0.100418
0.0986884
0.0969926
0.0953321
0.093709
0.0921253
0.0905831
0.0890846
0.0876321
0.0862281
0.0848749
0.0835752
0.0823316
0.0811466
0.0800229
0.0789632
0.0779703
0.0770467
0.0761949
0.0754176
0.0747171
0.0740956
0.0735551
0.0730976
0.0727245
0.0724374
0.0722373
0.0721248
0.0721006
0.0721646
0.0723168
0.0725566
0.0728831
0.0732953
0.0737917
0.0743707
0.0750304
0.0757686
0.0765833
0.0774719
0.078432
0.0794609
0.0805562
0.081715
0.0829349
0.084213
0.0855468
0.0869338
0.0883715
0.0898573
0.091389
0.0929644
0.0945811
0.0962371
0.0979305
0.0996593
0.101422
0.103216
0.10504
0.106893
0.108774
0.11068
0.11261
0.114564
0.11654
0.118536
0.120553
0.122588
0.124641
0.126711
0.128797
0.130899
0.133015
0.135145
0.137289
0.139444
0.141612
0.143792
0.145982
0.148182
0.150393
0.152612
0.154841
0.157078
0.159324
0.161577
0.163838
0.166106
0.16838
0.170661
0.172948
0.175242
0.17754
0.179845
0.182154
0.184468
0.186787
0.18911
0.191438
0.19377
0.196106
0.198445
0.200788
0.203134
0.205484
0.207837
0.210193
0.212551
0.214912
0.217276
0.219642
0.222011
0.224381
0.226754
0.229129
0.231505
0.233884
0.236264
0.238646
0.241029
0.243413
0.245799
0.248186
0.250575
0.252964
0.255354
0.257746
0.260138
0.262531
0.264925
0.26732
0.269715
0.27211
0.274507
0.276903
0.2793
0.281698
0.284095
0.286493
0.288891
0.291289
0.293688
0.296086
0.298484
0.300883
0.303281
0.305679
0.308077
0.310474
0.312872
0.315269
0.317665
0.320062
0.322458
0.324853
0.327248
0.329643
0.332037
0.33443
0.336823
0.339215
0.341606
0.343997
0.346387
0.348776
0.351165
0.353552
0.355939
0.358325
0.36071
0.363094
0.365477
0.367859
0.37024
0.37262
0.374999
0.377377
0.379753
0.382129
0.384503
0.386876
0.389248
0.391619
0.393989
0.396357
0.398724
0.40109
0.403454
0.405817
0.408179
0.410539
0.412897
0.415255
0.417611
0.419965
0.422318
0.424669
0.427019
0.429367
0.431714
0.434059
0.436403
0.438744
0.441085
0.443423
0.44576
0.448095
0.450429
0.452761
0.455091
0.457419
0.459745
0.46207
0.464393
0.466714
0.469033
0.471351
0.473666
0.47598
0.478292
0.480601
0.482909
0.485215
0.487519
0.489821
0.492121
0.49442
0.496716
0.49901
0.501302
0.503592
0.50588
0.508165
0.510449
0.512731
0.51501
0.517288
0.519563
0.521836
0.524107
0.526376
0.528643
0.530907
0.533169
0.535429
0.537687
0.539942
0.542196
0.544447
0.546696
0.548942
0.551186
0.553428
0.555668
0.557905
0.56014
0.562372
0.564602
0.56683
0.569056
0.571279
0.573499
0.575718
0.577933
0.580147
0.582358
0.584566
0.586772
0.588976
0.591177
0.593376
0.595572
0.597766
0.599957
0.602146
0.604332
0.606515
0.608696
0.610875
0.613051
0.615224
0.617395
0.619563
0.621729
0.623892
0.626053
0.628211
0.630366
0.632518
0.634668
0.636816
0.63896
0.641102
0.643242
0.645379
0.647513
0.649644
0.651773
0.653899
0.656022
0.658142
0.66026
0.662375
0.664488
0.666597
0.668704
0.670809
0.67291
0.675009
0.677104
0.679198
0.681288
0.683376
0.68546
0.687542
0.689621
0.691698
0.693771
0.695842
0.69791
0.699975
0.702037
0.704097
0.706153
0.708207
0.710258
0.712306
0.714351
0.716393
0.718433
0.720469
0.722503
0.724534
0.726562
0.728587
0.730609
0.732628
0.734644
0.736657
0.738668
0.740675
0.74268
0.744681
0.74668
0.748676
0.750669
0.752659
0.754645
0.756629
0.75861
0.760588
0.762563
0.764536
0.766505
0.768471
0.770434
0.772394
0.774351
0.776305
0.778256
0.780205
0.78215
0.784092
0.786031
0.787967
0.7899
0.79183
0.793757
0.795681
0.797602
0.79952
0.801435
0.803347
0.805256
0.807162
0.809065
0.810964
0.812861
0.814754
0.816645
0.818532
0.820417
0.822298
0.824176
0.826051
0.827923
0.829792
0.831658
0.833521
0.835381
0.837237
0.839091
0.840941
0.842788
0.844633
0.846474
0.848312
0.850147
0.851978
0.853807
0.855633
0.857455
0.859274
0.86109
0.862903
0.864713
0.86652
0.868324
0.870124
0.871921
0.873715
0.875507
0.877294
0.879079
0.880861
0.882639
0.884414
0.886186
0.887955
0.889721
0.891484
0.893243
0.894999
0.896752
0.898502
0.900249
0.901992
0.903733
0.90547
0.907204
0.908934
0.910662
0.912386
0.914107
0.915825
0.91754
0.919252
0.92096
0.922665
0.924367
0.926066
0.927761
0.929453
0.931142
0.932828
0.93451
0.93619
0.937866
0.939539
0.941208
0.942875
0.944538
0.946197
0.947854
0.949507
0.951157
0.952804
0.954448
0.956088
0.957725
0.959359
0.960989
0.962617
0.96424
0.965861
0.967478
0.969093
0.970703
0.972311
0.973915
0.975516
0.977114
0.978708
0.980299
0.981886
0.983471
0.985052
0.98663
0.988204
0.989775
0.991343
0.992907
0.994468
0.996026
0.997581
0.999132
1.00068
1.00222
1.00376
1.0053
1.00684
1.00837
1.0099
1.01142
1.01294
1.01446
1.01597
1.01748
1.01899
1.02049
1.02199
1.02349
1.02499
1.02648
1.02796
1.02945
1.03093
1.0324
1.03388
1.03535
1.03681
1.03828
1.03973
1.04119
1.04264
1.04409
1.04554
1.04698
1.04842
1.04985
1.05129
1.05272
1.05414
1.05556
1.05698
1.05839
1.0598
1.06121
1.06262
1.06402
1.06541
1.06681
1.0682
1.06958
1.07097
1.07235
1.07372
1.07509
1.07646
1.07783
1.07919
1.08055
1.0819
1.08325
1.0846
1.08594
1.08728
1.08862
1.08995
1.09128
1.09261
1.09393
1.09525
1.09656
1.09787
1.09918
1.10048
1.10178
1.10308
1.10437
1.10566
1.10695
1.10823
1.10951
1.11078
1.11205
1.11332
1.11458
1.11584
1.1171
1.11835
1.1196
1.12085
1.12209
1.12332
1.12456
1.12579
1.12701
1.12824
1.12945
1.13067
1.13188
1.13309
1.13429
1.13549
1.13669
1.13788
1.13907
1.14025
1.14143
1.14261
1.14378
1.14495
1.14611
1.14727
1.14843
1.14959
1.15073
1.15188
1.15302
1.15416
1.15529
1.15642
1.15755
1.15867
1.15979
1.1609
1.16201
1.16312
1.16422
1.16532
1.16641
1.1675
1.16859
1.16967
1.17075
1.17183
1.1729
1.17396
1.17502
1.17608
1.17714
1.17819
1.17923
1.18027
1.18131
1.18235
1.18337
1.1844
1.18542
1.18644
1.18745
1.18846
1.18946
1.19047
1.19146
1.19245
1.19344
1.19443
1.19541
1.19638
1.19735
1.19832
1.19928
1.20024
1.20119
1.20214
1.20309
1.20403
1.20497
1.2059
1.20683
1.20776
1.20868
1.20959
1.2105
1.21141
1.21231
1.21321
1.21411
1.215
1.21588
1.21676
1.21764
1.21851
1.21938
1.22024
1.2211
1.22196
1.22281
1.22365
1.22449
1.22533
1.22616
1.22699
1.22781
1.22863
1.22945
1.23026
1.23106
1.23186
1.23266
1.23345
1.23424
1.23502
1.2358
1.23657
1.23734
1.23811
1.23887
1.23962
1.24037
1.24112
1.24186
1.2426
1.24333
1.24406
1.24478
1.2455
1.24621
1.24692
1.24763
1.24833
1.24902
1.24971
1.2504
1.25108
1.25175
1.25242
1.25309
1.25375
1.25441
1.25506
1.25571
1.25635
1.25699
1.25762
1.25825
1.25887
1.25949
1.26011
1.26072
1.26132
1.26192
1.26251
1.2631
1.26369
1.26427
1.26484
1.26541
1.26598
1.26654
1.26709
1.26764
1.26819
1.26873
1.26927
1.2698
1.27032
1.27084
1.27136
1.27187
1.27237
1.27287
1.27337
1.27386
1.27435
1.27483
1.2753
1.27577
1.27624
1.2767
1.27716
1.27761
1.27805
1.27849
1.27893
1.27936
1.27978
1.2802
1.28062
1.28102
1.28143
1.28183
1.28222
1.28261
1.283
1.28337
1.28375
1.28412
1.28448
1.28484
1.28519
1.28554
1.28588
1.28622
1.28655
1.28688
1.2872
1.28751
1.28782
1.28813
1.28843
1.28873
1.28902
1.2893
1.28958
1.28985
1.29012
1.29039
1.29065
1.2909
1.29115
1.29139
1.29163
1.29186
1.29208
1.29231
1.29252
1.29273
1.29294
1.29314
1.29333
1.29352
1.2937
1.29388
1.29406
1.29422
1.29439
1.29454
1.29469
1.29484
1.29498
1.29512
1.29525
1.29537
1.29549
1.2956
1.29571
1.29581
1.29591
1.296
1.29609
1.29617
1.29625
1.29632
1.29638
1.29644
1.29649
1.29654
1.29658
1.29662
1.29665
1.29668
1.2967
1.29672
1.29673
1.29673
1.29673
1.29672
1.29671
1.29669
1.29667
1.29664
1.29661
1.29657
1.29652
1.29647
1.29641
1.29635
1.29629
1.29621
1.29613
1.29605
1.29596
1.29587
1.29577
1.29566
1.29555
1.29543
1.29531
1.29518
1.29505
1.29491
1.29476
1.29461
1.29446
1.29429
1.29413
1.29395
1.29378
1.29359
1.2934
1.29321
1.29301
1.2928
1.29259
1.29237
1.29215
1.29192
1.29169
1.29145
1.2912
1.29095
1.2907
1.29044
1.29017
1.2899
1.28962
1.28933
1.28904
1.28875
1.28845
1.28814
1.28783
1.28751
1.28719
1.28686
1.28653
1.28619
1.28584
1.28549
1.28513
1.28477
1.2844
1.28403
1.28365
1.28327
1.28288
1.28248
1.28208
1.28168
1.28126
1.28085
1.28042
1.27999
1.27956
1.27912
1.27868
1.27822
1.27777
1.27731
1.27684
1.27637
1.27589
1.2754
1.27491
1.27442
1.27392
1.27341
1.2729
1.27238
1.27186
1.27133
1.2708
1.27026
1.26971
1.26916
1.26861
1.26805
1.26748
1.26691
1.26633
1.26574
1.26516
1.26456
1.26396
1.26336
1.26275
1.26213
1.26151
1.26088
1.26025
1.25961
1.25897
1.25832
1.25766
1.257
1.25634
1.25567
1.25499
1.25431
1.25362
1.25293
1.25223
1.25153
1.25082
1.25011
1.24939
1.24866
1.24793
1.24719
1.24645
1.24571
1.24496
1.2442
1.24344
1.24267
1.24189
1.24112
1.24033
1.23954
1.23875
1.23795
1.23714
1.23633
1.23552
1.23469
1.23387
1.23304
1.2322
1.23136
1.23051
1.22966
1.2288
1.22793
1.22707
1.22619
1.22531
1.22443
1.22354
1.22264
1.22174
1.22084
1.21993
1.21901
1.21809
1.21716
1.21623
1.21529
1.21435
1.2134
1.21245
1.2115
1.21053
1.20956
1.20859
1.20761
1.20663
1.20564
1.20465
1.20365
1.20265
1.20164
1.20062
1.19961
1.19858
1.19755
1.19652
1.19548
1.19443
1.19339
1.19233
1.19127
1.19021
1.18914
1.18806
1.18698
1.1859
1.18481
1.18372
1.18262
1.18151
1.1804
1.17929
1.17817
1.17705
1.17592
1.17478
1.17364
1.1725
1.17135
1.1702
1.16904
1.16788
1.16671
1.16554
1.16436
1.16318
1.16199
1.1608
1.1596
1.1584
1.15719
1.15598
1.15476
1.15354
1.15231
1.15108
1.14985
1.14861
1.14736
1.14611
1.14486
1.1436
1.14234
1.14107
1.1398
1.13852
1.13723
1.13595
1.13466
1.13336
1.13206
1.13075
1.12944
1.12813
1.12681
1.12548
1.12416
1.12282
1.12148
1.12014
1.1188
1.11744
1.11609
1.11473
1.11336
1.11199
1.11062
1.10924
1.10786
1.10647
1.10508
1.10368
1.10228
1.10088
1.09947
1.09805
1.09664
1.09521
1.09379
1.09235
1.09092
1.08948
1.08803
1.08659
1.08513
1.08368
1.08221
1.08075
1.07928
1.0778
1.07633
1.07484
1.07336
1.07187
1.07037
1.06887
1.06737
1.06586
1.06435
1.06283
1.06131
1.05979
1.05826
1.05672
1.05519
1.05365
1.0521
1.05055
1.049
1.04744
1.04588
1.04432
1.04275
1.04117
1.0396
1.03802
1.03643
1.03484
1.03325
1.03165
1.03005
1.02845
1.02684
1.02523
1.02361
1.02199
1.02037
1.01874
1.01711
1.01548
1.01384
1.01219
1.01055
1.0089
1.00724
1.00559
1.00393
1.00226
1.00059
0.99892
0.997244
0.995565
0.993882
0.992196
0.990506
0.988812
0.987115
0.985414
0.98371
0.982002
0.980291
0.978577
0.976859
0.975137
0.973412
0.971684
0.969952
0.968217
0.966478
0.964737
0.962992
0.961243
0.959491
0.957736
0.955978
0.954217
0.952452
0.950684
0.948913
0.947139
0.945361
0.943581
0.941797
0.94001
0.938221
0.936428
0.934632
0.932833
0.931031
0.929226
0.927418
0.925607
0.923793
0.921977
0.920157
0.918335
0.916509
0.914681
0.91285
0.911016
0.90918
0.907341
0.905499
0.903654
0.901807
0.899957
0.898104
0.896249
0.894391
0.892531
0.890668
0.888803
0.886935
0.885064
0.883192
0.881316
0.879439
0.877559
0.875676
0.873792
0.871905
0.870016
0.868124
0.86623
0.864335
0.862437
0.860536
0.858634
0.85673
0.854823
0.852915
0.851004
0.849092
0.847178
0.845262
0.843343
0.841424
0.839502
0.837578
0.835653
0.833726
0.831797
0.829867
0.827935
0.826001
0.824066
0.82213
0.820191
0.818252
0.816311
0.814369
0.812425
0.81048
0.808533
0.806586
0.804637
0.802687
0.800736
0.798784
0.796831
0.794877
0.792922
0.790966
0.789009
0.787051
0.785093
0.783133
0.781173
0.779213
0.777251
0.775289
0.773327
0.771364
0.769401
0.767437
0.765473
0.763509
0.761544
0.759579
0.757614
0.755649
0.753684
0.751719
0.749754
0.747789
0.745824
0.743859
0.741895
0.739931
0.737968
0.736004
0.734042
0.73208
0.730118
0.728157
0.726197
0.724238
0.72228
0.720322
0.718366
0.71641
0.714456
0.712503
0.710551
0.7086
0.706651
0.704703
0.702757
0.700812
0.698869
0.696928
0.694989
0.693051
0.691115
0.689182
0.687251
0.685321
0.683394
0.68147
0.679548
0.677628
0.675711
0.673797
0.671885
0.669976
0.66807
0.666168
0.664268
0.662372
0.660478
0.658589
0.656703
0.65482
0.652941
0.651066
0.649194
0.647327
0.645464
0.643605
0.64175
0.6399
0.638054
0.636212
0.634376
0.632544
0.630717
0.628895
0.627079
0.625267
0.623461
0.621661
0.619866
0.618077
0.616293
0.614516
0.612745
0.61098
0.609221
0.607469
0.605724
0.603985
0.602253
0.600528
0.59881
0.5971
0.595397
0.593701
0.592014
0.590334
0.588662
0.586998
0.585342
0.583695
0.582057
0.580427
0.578806
0.577194
0.575591
0.573998
0.572414
0.570839
0.569275
0.56772
0.566176
0.564642
0.563118
0.561605
0.560103
0.558612
0.557131
0.555663
0.554205
0.55276
0.551326
0.549904
0.548494
0.547097
0.545712
0.54434
0.542981
0.541635
0.540302
0.538983
0.537677
0.536385
0.535107
0.533843
0.532594
0.531359
0.530139
0.528934
0.527744
0.52657
0.525411
0.524267
0.52314
0.522029
0.520934
0.519855
0.518793
0.517749
0.516721
0.51571
0.514717
0.513741
0.512784
0.511844
0.510923
0.51002
0.509135
0.50827
0.507423
0.506596
0.505788
0.504999
0.504231
0.503482
0.502753
0.502045
0.501357
0.500689
0.500043
0.499417
0.498813
0.49823
0.497668
0.497129
0.496611
0.496115
0.495641
0.495189
0.494761
0.494354
0.493971
0.49361
0.493273
0.492958
0.492668
0.4924
0.492156
0.491937
0.49174
0.491568
0.491421
0.491297
0.491198
0.491123
0.491073
0.491048
0.491047
0.491072
0.491121
0.491195
0.491295
0.49142
0.49157
0.491746
0.491947
0.492173
0.492426
0.492704
0.493007
0.493336
0.493692
0.494073
0.494479
0.494912
0.495371
0.495855
0.496366
0.496903
0.497465
0.498054
0.498668
0.499309
0.499975
0.500668
0.501387
0.502131
0.502901
0.503698
0.50452
0.505368
0.506242
0.507141
0.508066
0.509017
0.509994
0.510996
0.512024
0.513077
0.514155
0.515258
0.516387
0.517541
0.51872
0.519924
0.521153
0.522407
0.523685
0.524988
0.526316
0.527668
0.529044
0.530445
0.531869
0.533318
0.534791
0.536287
0.537807
0.53935
0.540917
0.542507
0.544121
0.545757
0.547417
0.549099
0.550804
0.552531
0.554281
0.556053
0.557847
0.559663
0.561501
0.563361
0.565243
0.567146
0.56907
0.571015
0.572982
0.574969
0.576977
0.579006
0.581055
0.583125
0.585214
0.587324
0.589454
0.591603
0.593772
0.595961
0.598169
0.600396
0.602642
0.604907
0.607191
0.609493
0.611814
0.614153
0.61651
0.618886
0.621279
0.62369
0.626119
0.628565
0.631029
0.633509
0.636007
0.638522
0.641053
0.643601
0.646166
0.648747
0.651345
0.653958
0.656587
0.659233
0.661894
0.66457
0.667263
0.66997
0.672693
0.67543
0.678183
0.68095
0.683733
0.686529
0.689341
0.692166
0.695006
0.69786
0.700728
0.70361
0.706505
0.709414
0.712337
0.715273
0.718222
0.721185
0.72416
0.727149
0.73015
0.733164
0.736191
0.73923
0.742281
0.745345
0.748421
0.751509
0.75461
0.757722
0.760846
0.763981
0.767128
0.770287
0.773457
0.776638
0.779831
0.783035
0.786249
0.789475
0.792711
0.795959
0.799216
0.802485
0.805764
0.809053
0.812353
0.815662
0.818982
0.822312
0.825652
0.829002
0.832362
0.835731
0.83911
0.842499
0.845897
0.849304
0.852721
0.856147
0.859582
0.863027
0.86648
0.869942
0.873414
0.876894
0.880382
0.88388
0.887386
0.8909
0.894423
0.897954
0.901494
0.905042
0.908598
0.912162
0.915735
0.919315
0.922903
0.926499
0.930103
0.933715
0.937334
0.940961
0.944596
0.948238
0.951887
0.955544
0.959208
0.96288
0.966558
0.970244
0.973937
0.977637
0.981344
0.985058
0.988779
0.992506
0.996241
0.999982
1.00373
1.00748
1.01125
1.01501
1.01879
1.02257
1.02635
1.03015
1.03395
1.03775
1.04156
1.04538
1.04921
1.05304
1.05687
1.06071
1.06456
1.06842
1.07228
1.07614
1.08001
1.08389
1.08777
1.09166
1.09555
1.09945
1.10336
1.10727
1.11118
1.1151
1.11903
1.12296
1.1269
1.13084
1.13479
1.13874
1.1427
1.14666
1.15063
1.1546
1.15858
1.16256
1.16655
1.17054
1.17454
1.17854
1.18254
1.18655
1.19057
1.19459
1.19862
1.20264
1.20668
1.21072
1.21476
1.21881
1.22286
1.22692
1.23098
1.23504
1.23911
1.24318
1.24726
1.25134
1.25543
1.25952
1.26361
1.26771
1.27181
1.27592
1.28003
1.28414
1.28826
1.29238
1.29651
1.30064
1.30477
1.30891
1.31305
1.3172
1.32134
1.3255
1.32965
1.33381
1.33798
1.34214
1.34631
1.35049
1.35466
1.35884
1.36303
1.36722
1.37141
1.3756
1.3798
1.384
1.3882
1.39241
1.39662
1.40084
1.40505
1.40927
1.4135
1.41772
1.42195
1.42619
1.43042
1.43466
1.4389
1.44315
1.4474
1.45165
1.4559
1.46016
1.46442
1.46868
1.47295
1.47721
1.48149
1.48576
1.49004
1.49432
1.4986
1.50288
1.50717
1.51146
1.51575
1.52005
1.52435
1.52865
1.53295
1.53726
1.54157
1.54588
1.55019
1.55451
1.55882
1.56314
1.56747
1.57179
1.57612
1.58045
1.58478
1.58912
1.59346
1.5978
1.60214
1.60648
1.61083
1.61518
1.61953
1.62388
1.62824
1.63259
1.63695
1.64132
1.64568
1.65005
1.65441
1.65878
1.66316
1.66753
1.67191
1.67628
1.68066
1.68505
1.68943
1.69382
1.6982
1.70259
1.70699
1.71138
1.71578
1.72017
1.72457
1.72897
1.73338
1.73778
1.74219
1.74659
1.751
1.75542
1.75983
1.76424
1.76866
1.77308
1.7775
1.78192
1.78634
1.79077
1.79519
1.79962
1.80405
1.80848
1.81292
1.81735
1.82179
1.82622
1.83066
1.8351
1.83954
1.84399
1.84843
1.85288
1.85732
1.86177
1.86622
1.87067
1.87513
1.87958
1.88404
1.88849
1.89295
1.89741
1.90187
1.90633
1.9108
1.91526
1.91973
1.92419
1.92866
1.93313
1.9376
1.94207
1.94655
1.95102
1.95549
1.95997
1.96445
1.96893
1.97341
1.97789
1.98237
1.98685
1.99133
1.99582
2.00031
2.00479
2.00928
2.01377
2.01826
2.02275
2.02724
2.03173
2.03623
2.04072
2.04522
2.04971
2.05421
2.05871
2.06321
2.06771
2.07221
2.07671
2.08121
2.08571
2.09022
2.09472
2.09923
2.10373
2.10824
2.11275
2.11725
2.12176
2.12627
2.13078
2.13529
2.1398
2.14432
2.14883
2.15334
2.15786
2.16237
2.16689
2.1714
2.17592
2.18044
2.18496
2.18947
2.19399
2.19851
2.20303
2.20755
2.21207
2.21659
2.22112
2.22564
2.23016
2.23469
2.23921
2.24373
2.24826
2.25278
2.25731
2.26183
2.26636
2.27089
2.27541
2.27994
2.28447
2.289
2.29353
2.29805
2.30258
2.30711
2.31164
2.31617
2.3207
2.32523
2.32976
2.33429
2.33882
2.34335
2.34789
2.35242
2.35695
2.36148
2.36601
2.37055
2.37508
2.37961
2.38414
2.38868
2.39321
2.39774
2.40228
2.40681
2.41134
2.41588
2.42041
2.42494
2.42948
2.43401
2.43854
2.44308
2.44761
2.45214
2.45668
2.46121
2.46574
2.47028
2.47481
2.47934
2.48388
2.48841
2.49294
2.49747
2.50201
2.50654
2.51107
2.5156
2.52014
2.52467
2.5292
2.53373
2.53826
2.54279
2.54732
2.55185
2.55638
2.56091
2.56544
2.56997
2.5745
2.57903
2.58356
2.58809
2.59262
2.59714
2.60167
2.6062
2.61073
2.61525
2.61978
2.6243
2.62883
2.63335
2.63788
2.6424
2.64693
2.65145
2.65597
2.66049
2.66501
2.66954
2.67406
2.67858
2.6831
2.68762
2.69213
2.69665
2.70117
2.70569
2.7102
2.71472
2.71923
2.72375
2.72826
2.73278
2.73729
2.7418
2.74631
2.75082
2.75533
2.75984
2.76435
2.76886
2.77337
2.77787
2.78238
2.78688
2.79139
2.79589
2.80039
2.8049
2.8094
2.8139
2.8184
2.8229
2.82739
2.83189
2.83639
2.84088
2.84538
2.84987
2.85436
2.85886
2.86335
2.86784
2.87233
2.87682
2.8813
2.88579
2.89027
2.89476
2.89924
2.90372
2.90821
2.91269
2.91717
2.92164
2.92612
2.9306
2.93507
2.93955
2.94402
2.94849
2.95296
2.95743
2.9619
2.96637
2.97083
2.9753
2.97976
2.98422
2.98869
2.99315
2.9976
3.00206
3.00652
3.01097
3.01543
3.01988
3.02433
3.02878
3.03323
3.03768
3.04213
3.04657
3.05101
3.05546
3.0599
3.06434
3.06877
3.07321
3.07765
3.08208
3.08651
3.09094
3.09537
3.0998
3.10423
3.10865
3.11308
3.1175
3.12192
3.12634
3.13076
3.13517
3.13959
3.144
3.14841
3.15282
3.15723
3.16164
3.16604
3.17044
3.17485
3.17925
3.18364
3.18804
3.19244
3.19683
3.20122
3.20561
3.21
3.21438
3.21877
3.22315
3.22753
3.23191
3.23629
3.24067
3.24504
3.24941
3.25378
3.25815
3.26252
3.26688
3.27125
3.27561
3.27997
3.28432
3.28868
3.29303
3.29738
3.30173
3.30608
3.31043
3.31477
3.31911
3.32345
3.32779
3.33212
3.33646
3.34079
3.34512
3.34944
3.35377
3.35809
3.36241
3.36673
3.37105
3.37536
3.37968
3.38399
3.38829
3.3926
3.3969
3.40121
3.4055
3.4098
3.4141
3.41839
3.42268
3.42697
3.43125
3.43554
3.43982
3.4441
3.44837
3.45265
3.45692
3.46119
3.46546
3.46972
3.47398
3.47824
3.4825
3.48676
3.49101
3.49526
3.49951
3.50375
3.508
3.51224
3.51647
3.52071
3.52494
3.52917
3.5334
3.53763
3.54185
3.54607
3.55029
3.5545
3.55871
3.56292
3.56713
3.57133
3.57554
3.57974
3.58393
3.58813
3.59232
3.59651
3.60069
3.60487
3.60905
3.61323
3.61741
3.62158
3.62575
3.62991
3.63408
3.63824
3.6424
3.64655
3.6507
3.65485
3.659
3.66314
3.66728
3.67142
3.67556
3.67969
3.68382
3.68794
3.69207
3.69619
3.70031
3.70442
3.70853
3.71264
3.71675
3.72085
3.72495
3.72904
3.73314
3.73723
3.74131
3.7454
3.74948
3.75356
3.75763
3.7617
3.76577
3.76984
3.7739
3.77796
3.78201
3.78607
3.79012
3.79416
3.7982
3.80224
3.80628
3.81031
3.81434
3.81837
3.82239
3.82641
3.83043
3.83444
3.83846
3.84246
3.84647
3.85047
3.85446
3.85846
3.86245
3.86643
3.87042
3.8744
3.87837
3.88235
3.88632
3.89028
3.89424
3.8982
3.90216
3.90611
3.91006
3.91401
3.91795
3.92189
3.92582
3.92975
3.93368
3.9376
3.94152
3.94544
3.94935
3.95326
3.95717
3.96107
3.96497
3.96887
3.97276
3.97665
3.98053
3.98441
3.98829
3.99216
3.99603
3.9999
4.00376
4.00762
4.01147
4.01532
4.01917
4.02301
4.02685
4.03069
4.03452
4.03835
4.04217
4.04599
4.04981
4.05362
4.05743
4.06123
4.06504
4.06883
4.07263
4.07642
4.0802
4.08398
4.08776
4.09153
4.0953
4.09907
4.10283
4.10659
4.11034
4.11409
4.11784
4.12158
4.12532
4.12905
4.13278
4.13651
4.14023
4.14395
4.14766
4.15137
4.15508
4.15878
4.16248
4.16617
4.16986
4.17355
4.17723
4.1809
4.18458
4.18824
4.19191
4.19557
4.19922
4.20288
4.20652
4.21017
4.21381
4.21744
4.22107
4.2247
4.22832
4.23194
4.23555
4.23916
4.24277
4.24637
4.24997
4.25356
4.25715
4.26073
4.26431
4.26788
4.27145
4.27502
4.27858
4.28214
4.28569
4.28924
4.29279
4.29633
4.29986
4.3034
4.30692
4.31045
4.31396
4.31748
4.32099
4.32449
4.32799
4.33149
4.33498
4.33847
4.34195
4.34543
4.3489
4.35237
4.35583
4.35929
4.36275
4.3662
4.36965
4.37309
4.37652
4.37996
4.38339
4.38681
4.39023
4.39364
4.39705
4.40046
4.40386
4.40725
4.41064
4.41403
4.41741
4.42079
4.42416
4.42753
4.43089
4.43425
4.43761
4.44096
4.4443
4.44764
4.45098
4.45431
4.45763
4.46095
4.46427
4.46758
4.47089
4.47419
4.47749
4.48078
4.48407
4.48735
4.49063
4.4939
4.49717
4.50044
4.5037
4.50695
4.5102
4.51344
4.51668
4.51992
4.52315
4.52638
4.5296
4.53281
4.53602
4.53923
4.54243
4.54562
4.54882
4.552
4.55518
4.55836
4.56153
4.5647
4.56786
4.57102
4.57417
4.57732
4.58046
4.58359
4.58673
4.58985
4.59298
4.59609
4.59921
4.60231
4.60541
4.60851
4.6116
4.61469
4.61777
4.62085
4.62392
4.62699
4.63005
4.63311
4.63616
4.63921
4.64225
4.64529
4.64832
4.65134
4.65437
4.65738
4.66039
4.6634
4.6664
4.6694
4.67239
4.67537
4.67835
4.68133
4.6843
4.68727
4.69023
4.69318
4.69613
4.69907
4.70201
4.70495
4.70788
4.7108
4.71372
4.71663
4.71954
4.72245
4.72534
4.72824
4.73112
4.73401
4.73688
4.73975
4.74262
4.74548
4.74834
4.75119
4.75403
4.75688
4.75971
4.76254
4.76536
4.76818
4.771
4.77381
4.77661
4.77941
4.7822
4.78499
4.78777
4.79055
4.79332
4.79608
4.79884
4.8016
4.80435
4.80709
4.80983
4.81257
4.8153
4.81802
4.82074
4.82345
4.82616
4.82886
4.83155
4.83425
4.83693
4.83961
4.84229
4.84495
4.84762
4.85028
4.85293
4.85558
4.85822
4.86086
4.86349
4.86611
4.86873
4.87135
4.87396
4.87656
4.87916
4.88175
4.88434
4.88692
4.8895
4.89207
4.89463
4.89719
4.89975
4.9023
4.90484
4.90738
4.90991
4.91244
4.91496
4.91747
4.91998
4.92249
4.92499
4.92748
4.92997
4.93245
4.93493
4.9374
4.93986
4.94232
4.94478
4.94723
4.94967
4.95211
4.95454
4.95696
4.95939
4.9618
4.96421
4.96661
4.96901
4.9714
4.97379
4.97617
4.97855
4.98092
4.98328
4.98564
4.98799
4.99034
4.99268
4.99502
4.99734
4.99967
5.00199
5.0043
5.00661
5.00891
5.0112
5.01349
5.01578
5.01806
5.02033
5.0226
5.02486
5.02711
5.02936
5.03161
5.03384
5.03608
5.0383
5.04052
5.04274
5.04495
5.04715
5.04935
5.05154
5.05373
5.05591
5.05808
5.06025
5.06241
5.06457
5.06672
5.06887
5.07101
5.07314
5.07527
5.07739
5.0795
5.08161
5.08372
5.08582
5.08791
5.09
5.09208
5.09415
5.09622
5.09828
5.10034
5.10239
5.10444
5.10647
5.10851
5.11054
5.11256
5.11457
5.11658
5.11859
5.12058
5.12258
5.12456
5.12654
5.12851
5.13048
5.13244
5.1344
5.13635
5.13829
5.14023
5.14216
5.14409
5.14601
5.14792
5.14983
5.15173
5.15363
5.15552
5.1574
5.15928
5.16115
5.16302
5.16488
5.16673
5.16858
5.17042
5.17226
5.17408
5.17591
5.17773
5.17954
5.18134
5.18314
5.18493
5.18672
5.1885
5.19027
5.19204
5.1938
5.19556
5.19731
5.19905
5.20079
5.20252
5.20425
5.20597
5.20768
5.20939
5.21109
5.21278
5.21447
5.21615
5.21783
5.2195
5.22116
5.22282
5.22447
5.22612
5.22776
5.22939
5.23101
5.23263
5.23425
5.23586
5.23746
5.23905
5.24064
5.24223
5.2438
5.24537
5.24694
5.24849
5.25005
5.25159
5.25313
5.25466
5.25619
5.25771
5.25922
5.26073
5.26223
5.26373
5.26521
5.2667
5.26817
5.26964
5.27111
5.27256
5.27401
5.27546
5.2769
5.27833
5.27975
5.28117
5.28258
5.28399
5.28539
5.28678
5.28817
5.28955
5.29093
5.29229
5.29366
5.29501
5.29636
5.2977
5.29904
5.30037
5.30169
5.30301
5.30432
5.30562
5.30692
5.30821
5.3095
5.31077
5.31205
5.31331
5.31457
5.31582
5.31707
5.31831
5.31954
5.32077
5.32199
5.3232
5.32441
5.32561
5.3268
5.32799
5.32917
5.33035
5.33151
5.33268
5.33383
5.33498
5.33612
5.33726
5.33839
5.33951
5.34063
5.34174
5.34284
5.34393
5.34502
5.34611
5.34718
5.34826
5.34932
5.35038
5.35143
5.35247
5.35351
5.35454
5.35556
5.35658
5.35759
5.3586
5.35959
5.36059
5.36157
5.36255
5.36352
5.36449
5.36544
5.3664
5.36734
5.36828
5.36921
5.37014
5.37106
5.37197
5.37287
5.37377
5.37466
5.37555
5.37643
5.3773
5.37817
5.37902
5.37988
5.38072
5.38156
5.38239
5.38322
5.38404
5.38485
5.38566
5.38645
5.38725
5.38803
5.38881
5.38958
5.39035
5.39111
5.39186
5.3926
5.39334
5.39407
5.3948
5.39552
5.39623
5.39694
5.39763
5.39833
5.39901
5.39969
5.40036
5.40102
5.40168
5.40233
5.40298
5.40362
5.40425
5.40487
5.40549
5.4061
5.4067
5.4073
5.40789
5.40848
5.40905
5.40962
5.41019
5.41074
5.41129
5.41184
5.41237
5.4129
5.41343
5.41394
5.41445
5.41495
5.41545
5.41594
5.41642
5.4169
5.41737
5.41783
5.41828
5.41873
5.41917
5.41961
5.42003
5.42046
5.42087
5.42128
5.42168
5.42207
5.42246
5.42284
5.42321
5.42358
5.42394
5.42429
5.42464
5.42498
5.42531
5.42564
5.42596
5.42627
5.42657
5.42687
5.42716
5.42745
5.42773
5.428
5.42826
