   0.000000000000e+00
   0.000000000000e+00
   0.000000000000e+00
   0.000000000000e+00
   0.000000000000e+00
   0.000000000000e+00
   0.000000000000e+00
   0.000000000000e+00
   0.000000000000e+00
   0.000000000000e+00
   0.000000000000e+00
   0.000000000000e+00
   0.000000000000e+00
   0.000000000000e+00
   0.000000000000e+00
   0.000000000000e+00
   0.000000000000e+00
   0.000000000000e+00
   0.000000000000e+00
   0.000000000000e+00
   0.000000000000e+00
   0.000000000000e+00
   0.000000000000e+00
   0.000000000000e+00
   0.000000000000e+00
   0.000000000000e+00
   0.000000000000e+00
   0.000000000000e+00
   0.000000000000e+00
   0.000000000000e+00
   0.000000000000e+00
   0.000000000000e+00
   0.000000000000e+00
   0.000000000000e+00
   0.000000000000e+00
   0.000000000000e+00
   0.000000000000e+00
   0.000000000000e+00
   0.000000000000e+00
   0.000000000000e+00
   0.000000000000e+00
   0.000000000000e+00
   0.000000000000e+00
   0.000000000000e+00
   0.000000000000e+00
   0.000000000000e+00
   0.000000000000e+00
   0.000000000000e+00
   0.000000000000e+00
   0.000000000000e+00
  -5.495743725268e-46
  -1.242457825036e-44
  -2.550882325318e-43
  -4.514857990566e-42
  -6.810455665062e-41
  -8.681294040266e-40
  -9.428910793486e-39
  -9.360773614368e-38
  -1.033664958584e-36
  -1.504841709663e-35
  -2.543094293476e-34
  -4.164544934901e-33
  -6.196001659192e-32
  -8.273809556304e-31
  -9.868290411725e-30
  -1.044768534949e-28
  -9.745235282334e-28
  -7.936110360543e-27
  -5.578442468186e-26
  -3.335228455616e-25
  -1.662858305271e-24
  -6.719450634867e-24
  -2.100537457457e-23
  -4.584415324617e-23
  -4.062246789526e-23
  -6.011696471984e-23
   5.177287742031e-23
   2.017537326047e-23
  -1.220290942724e-22
  -3.627359233411e-22
  -3.573425703077e-21
  -2.760062324927e-20
  -2.035301535212e-19
  -1.415969023313e-18
  -9.304885688204e-18
  -5.778478270479e-17
  -3.393140496852e-16
  -1.885072349748e-15
  -9.914158105941e-15
  -4.939247417593e-14
  -2.332543598320e-13
  -1.044866646450e-12
  -4.442862755318e-12
  -1.794547792495e-11
  -6.890746422670e-11
  -2.517299659004e-10
  -8.756044617369e-10
  -2.902287584248e-09
  -9.174760258333e-09
  -2.768469846246e-08
  -7.980875040321e-08
  -2.199919522305e-07
  -5.803538415028e-07
  -1.466548493513e-06
  -3.553103739514e-06
  -8.260751240686e-06
  -1.844696080690e-05
  -3.960203703198e-05
  -8.180711506678e-05
  -1.627563142548e-04
  -3.121393071904e-04
  -5.775787240389e-04
  -1.032075152067e-03
  -1.782504586538e-03
  -2.978152643861e-03
  -4.817630530728e-03
  -7.551941701206e-03
  -1.148115118333e-02
  -1.694226011991e-02
  -2.428666367781e-02
  -3.384700814351e-02
  -4.589522713732e-02
  -6.059570872925e-02
  -7.795946852600e-02
  -9.780638312802e-02
  -1.197425681473e-01
  -1.431586721101e-01
  -1.672522987800e-01
  -1.910743566746e-01
  -2.135954761131e-01
  -2.337854247826e-01
  -2.506963098381e-01
  -2.635396785794e-01
  -2.717485207317e-01
  -2.750174239445e-01
  -2.733172849596e-01
  -2.668844441809e-01
  -2.561873017647e-01
  -2.418759135459e-01
  -2.247214697423e-01
  -2.055528583699e-01
  -1.851968319598e-01
  -1.644268912207e-01
  -1.439241995059e-01
  -1.242519710013e-01
  -1.058431006412e-01
  -8.899950451796e-02
  -7.390079992723e-02
  -6.061957277337e-02
  -4.914049214180e-02
  -3.938083596423e-02
  -3.121047468967e-02
  -2.446991656650e-02
  -1.898556396202e-02
  -1.458180672859e-02
  -1.108995373840e-02
  -8.354267363823e-03
  -6.235524307347e-03
  -4.612596411605e-03
  -3.382548219447e-03
  -2.459705846890e-03
  -1.774083540526e-03
  -1.269475602960e-03
  -9.014433517226e-04
  -6.353565416764e-04
  -4.445899634601e-04
  -3.089299261622e-04
  -2.132115206198e-04
  -1.461844153202e-04
  -9.959048019944e-05
  -6.742871635980e-05
  -4.537991428516e-05
  -3.036358666849e-05
  -2.020177745102e-05
  -1.336741270591e-05
  -8.798290054854e-06
  -5.761187659038e-06
  -3.753670509868e-06
  -2.433863082337e-06
  -1.570708135235e-06
  -1.009057108040e-06
  -6.453815875359e-07
  -4.110132440022e-07
  -2.606691079332e-07
  -1.646539649565e-07
  -1.035992033930e-07
  -6.493716814580e-08
  -4.055389172080e-08
  -2.523608833912e-08
  -1.564978722237e-08
  -9.672459102238e-09
  -5.958696035799e-09
  -3.659265276168e-09
  -2.240299433858e-09
  -1.367501105375e-09
  -8.323336711748e-10
  -5.051879104496e-10
  -3.057951189856e-10
  -1.846143978399e-10
  -1.111711887457e-10
  -6.677959674895e-11
  -4.001772496164e-11
  -2.392485329848e-11
  -1.427133957299e-11
  -8.494310506118e-12
  -5.045078671601e-12
  -2.990279573040e-12
  -1.768831550148e-12
  -1.044282430152e-12
  -6.153631409696e-13
  -3.619523840674e-13
  -2.125208592457e-13
  -1.245675251614e-13
  -7.289262013868e-14
  -4.258526641150e-14
  -2.484009416677e-14
  -1.446723443756e-14
  -8.413485505927e-15
  -4.885889933094e-15
  -2.833395993190e-15
  -1.640909970571e-15
  -9.490598231151e-16
  -5.482147670278e-16
  -3.162806476181e-16
  -1.822532186928e-16
  -1.048996318800e-16
  -6.030924608275e-17
  -3.463534930043e-17
  -1.986987363616e-17
  -1.138739013552e-17
  -6.519587920118e-18
  -3.729029678635e-18
  -2.130903522851e-18
  -1.216567263891e-18
  -6.939443168758e-19
  -3.954947374048e-19
  -2.252140424976e-19
  -1.281443928448e-19
  -7.285570551544e-20
  -4.139019365016e-20
  -2.349693028860e-20
  -1.332950732379e-20
  -7.556415069944e-21
  -4.280801231963e-21
  -2.423543116224e-21
  -1.371194130291e-21
  -7.753300886709e-22
  -4.381399064058e-22
  -2.474376918997e-22
  -1.396668555464e-22
  -7.877644277316e-23
  -4.440716668855e-23
  -2.501325656371e-23
  -1.408631957805e-23
  -7.923582715047e-24
  -4.465020510357e-24
  -2.510773925428e-24
  -1.410211389247e-24
  -7.964991311449e-25
  -4.463222558511e-25
  -2.529129656151e-25
  -1.460408618971e-25
  -8.607203830126e-26
  -3.893395937980e-26
  -2.151757334776e-26
  -1.365134474739e-26
  -1.470290719989e-26
  -1.103498824822e-26
  -3.952198408995e-27
  -3.392456701552e-27
   6.887377306978e-27
   5.528800467017e-27
   7.381498806744e-27
   6.363710855003e-27
   3.533385880836e-27
  -5.688333410499e-27
  -9.842421769833e-27
  -1.158347394506e-26
  -2.628737150476e-27
  -7.061860805083e-27
  -6.082677487799e-27
  -3.014155769336e-27
   3.750731265521e-27
   6.350047499147e-27
   6.752361852972e-27
   2.853881635876e-27
  -4.836152774000e-27
   5.002943928374e-28
  -5.729958855473e-28
  -6.689174894651e-27
  -1.319215152218e-26
  -8.424207917979e-27
   2.717188939734e-27
   9.855082753269e-27
   1.444075664089e-26
   9.286547580028e-27
   1.135861533252e-26
   5.623979400709e-27
   3.876217545855e-27
  -1.739948008771e-27
   3.249164672494e-27
   4.151698843779e-27
   1.951729295201e-28
  -3.906136393805e-29
  -3.732075335890e-27
  -5.586092054737e-27
  -6.740533563330e-27
  -2.978906811341e-27
  -6.736208488748e-27
  -2.146582354864e-27
   6.112429169517e-27
   4.298597153663e-27
   5.502876453998e-28
   2.305336352401e-27
  -2.110438350791e-27
   4.315992432171e-27
   1.155871635813e-26
   4.443711592824e-27
   3.008246542771e-27
  -3.824071127560e-28
   4.095148978259e-27
   3.183590646634e-27
   2.376478203573e-27
   1.245886399804e-27
   2.256923669614e-27
   8.787308197391e-27
   8.963551866173e-27
   1.139629766360e-26
   7.201742993757e-27
   2.215258020229e-27
  -7.610145546571e-29
   1.676802678373e-27
   3.093656328365e-27
   4.511887158575e-27
   7.155740084404e-27
   8.066207944950e-27
   1.629928374765e-26
   1.620326137892e-26
   6.360451762083e-27
   3.165734215815e-27
  -3.630841353913e-27
  -6.791380426365e-27
   5.459164468406e-28
  -5.164581410615e-28
   8.223994842995e-28
   2.953125004286e-27
  -3.138523114153e-27
   8.952086079464e-29
   9.580187484112e-28
  -1.883380510201e-27
  -6.836252479778e-27
  -7.125539669293e-27
  -1.008304020416e-26
  -2.044770347803e-28
  -6.120225560097e-28
  -5.207791004027e-28
  -1.146605474631e-27
  -1.066197821212e-27
  -9.515759361908e-28
   1.967215628953e-27
   6.876546389322e-29
   6.475576774015e-27
   4.581311946059e-27
   1.319705815095e-27
   5.109709234261e-27
   1.111143999042e-27
   7.918776801932e-28
  -4.111818397093e-27
  -2.792524480297e-27
  -4.127791880437e-27
  -1.257653914942e-27
   1.057851702706e-27
   5.709310122635e-27
   8.262081942075e-27
   1.062897660159e-26
   5.308053473425e-27
  -1.086022040201e-27
   2.521620461090e-27
  -5.377400260182e-27
  -5.557944434986e-27
   6.403060316394e-28
  -2.180843555483e-27
  -2.647359562775e-27
  -1.927544243256e-28
   3.346466638892e-27
  -4.761484933413e-29
  -9.039029573915e-28
  -1.400339223897e-29
  -2.247042901196e-27
   1.077869918559e-27
  -5.201576458798e-27
  -2.814391778198e-27
   9.885739112605e-29
   3.509715220705e-27
   7.797725182370e-27
   1.000592915455e-26
   5.142653215030e-27
   4.700026727249e-27
   7.966315495242e-28
   1.099509895248e-27
