   8.796099813945e+05
   8.273271414951e+05
   7.781246052790e+05
   7.318217185961e+05
   6.882483980967e+05
   6.472445134065e+05
   6.086593053898e+05
   5.723508383932e+05
   5.381854844877e+05
   5.060374378374e+05
   4.757882574381e+05
   4.473264365685e+05
   4.205469973924e+05
   3.953511092460e+05
   3.716457292244e+05
   3.493432637667e+05
   3.283612500127e+05
   3.086220557765e+05
   2.900525970505e+05
   2.725840720145e+05
   2.561517105876e+05
   2.406945386140e+05
   2.261551558283e+05
   2.124795267956e+05
   1.996167840689e+05
   1.875190428493e+05
   1.761412264782e+05
   1.654409021278e+05
   1.553781260953e+05
   1.459152981385e+05
   1.370170243264e+05
   1.286499879053e+05
   1.207828277142e+05
   1.133860237072e+05
   1.064317891682e+05
   9.989396922654e+04
   9.374794530663e+04
   8.797054516311e+04
   8.253995817684e+04
   7.743565560351e+04
   7.263831548565e+04
   6.812975195576e+04
   6.389284867378e+04
   5.991149615747e+04
   5.617053277814e+04
   5.265568920769e+04
   4.935353611505e+04
   4.625143492241e+04
   4.333749144222e+04
   4.060051222672e+04
   3.802996347139e+04
   3.561593232319e+04
   3.334909045288e+04
   3.122065975920e+04
   2.922238008025e+04
   2.734647879478e+04
   2.558564220289e+04
   2.393298858212e+04
   2.238204282096e+04
   2.092671253767e+04
   1.956126559741e+04
   1.828030894609e+04
   1.707876868377e+04
   1.595187130532e+04
   1.489512603994e+04
   1.390430822534e+04
   1.297544365607e+04
   1.210479384899e+04
   1.128884217231e+04
   1.052428078759e+04
   9.807998357214e+03
   9.137068472587e+03
   8.508738760755e+03
   7.920420629918e+03
   7.369679616343e+03
   6.854226297533e+03
   6.371907738506e+03
   5.920699439975e+03
   5.498697759064e+03
   5.104112774902e+03
   4.735261573039e+03
   4.390561924182e+03
   4.068526334153e+03
   3.767756443338e+03
   3.486937755158e+03
   3.224834674291e+03
   2.980285836516e+03
   2.752199713079e+03
   2.539550473507e+03
   2.341374091735e+03
   2.156764681275e+03
   1.984871046016e+03
   1.824893434011e+03
   1.676080482356e+03
   1.537726341960e+03
   1.409167971649e+03
   1.289782591691e+03
   1.178985287376e+03
   1.076226753862e+03
   9.809911739926e+02
   8.927942212855e+02
   8.111811807516e+02
   7.357251806215e+02
   6.660255284758e+02
   6.017061456455e+02
   5.424140941138e+02
   4.878181904861e+02
   4.376077019137e+02
   3.914911191559e+02
   3.491950022484e+02
   3.104628945083e+02
   2.750543008610e+02
   2.427437267045e+02
   2.133197737514e+02
   1.865842894971e+02
   1.623515671575e+02
   1.404475931068e+02
   1.207093390186e+02
   1.029840960774e+02
   8.712884878289e+01
   7.300968601393e+01
   6.050124715662e+01
   4.948620122871e+01
   3.985475705492e+01
   3.150420266124e+01
   2.433847216409e+01
   1.826773853115e+01
   1.320803068637e+01
   9.080873520940e+00
   5.812949456585e+00
   3.335780287332e+00
   1.585428100266e+00
   5.022141466479e-01
   3.045460090861e-02
   1.182122075519e-01
   7.170628747797e-01
   1.781876329001e+00
   3.270609996494e+00
   5.144115327549e+00
   7.365955824585e+00
   9.902236079216e+00
   1.272144116416e+01
   1.579428576443e+01
   1.909357246841e+01
   2.259405867381e+01
   2.627233159518e+01
   3.010669089054e+01
   3.407703845244e+01
   3.816477493627e+01
   4.235270262329e+01
   4.662493423995e+01
   5.096680737738e+01
   5.536480417581e+01
   5.980647595863e+01
   6.428037251944e+01
   6.877597578298e+01
   7.328363757719e+01
   7.779452126952e+01
   8.230054703489e+01
   8.679434053676e+01
   9.126918481549e+01
   9.571897519062e+01
   1.001381769949e+02
   1.045217859691e+02
   1.088652911562e+02
   1.131646401435e+02
   1.174162065113e+02
   1.216167593517e+02
   1.257634347344e+02
   1.298537089992e+02
   1.338853737634e+02
   1.378565125415e+02
   1.417654788760e+02
   1.456108758886e+02
   1.493915371638e+02
   1.531065088829e+02
   1.567550331321e+02
   1.603365323118e+02
   1.638505945785e+02
   1.672969602572e+02
   1.706755091616e+02
   1.739862487679e+02
   1.772293031876e+02
   1.804049028906e+02
   1.835133751298e+02
   1.865551350257e+02
   1.895306772675e+02
   1.924405683926e+02
   1.952854396083e+02
   1.980659801204e+02
   2.007829309375e+02
   2.034370791202e+02
   2.060292524464e+02
   2.085603144671e+02
   2.110311599262e+02
   2.134427105220e+02
   2.157959109875e+02
   2.180917254690e+02
   2.203311341840e+02
   2.225151303391e+02
   2.246447172912e+02
   2.267209059372e+02
   2.287447123145e+02
   2.307171554002e+02
   2.326392550954e+02
   2.345120303813e+02
   2.363364976362e+02
   2.381136691022e+02
   2.398445514914e+02
   2.415301447215e+02
   2.431714407731e+02
   2.447694226581e+02
   2.463250634940e+02
   2.478393256740e+02
   2.493131601280e+02
   2.507475056664e+02
   2.521432884029e+02
   2.535014212470e+02
   2.548228034652e+02
   2.561083203023e+02
   2.573588426600e+02
   2.585752268282e+02
   2.597583142645e+02
   2.609089314186e+02
   2.620278895979e+02
   2.631159848701e+02
   2.641739980020e+02
   2.652026944282e+02
   2.662028242510e+02
   2.671751222652e+02
   2.681203080082e+02
   2.690390858315e+02
   2.699321449930e+02
   2.708001597671e+02
   2.716437895708e+02
   2.724636791054e+02
   2.732604585110e+02
   2.740347435326e+02
   2.747871356974e+02
   2.755182225010e+02
   2.762285776017e+02
   2.769187610223e+02
   2.775893193579e+02
   2.782407859889e+02
   2.788736812986e+02
   2.794885128945e+02
   2.800857758327e+02
   2.806659528445e+02
   2.812295145647e+02
   2.817769197613e+02
   2.823086155658e+02
   2.828250377038e+02
   2.833266107257e+02
   2.838137482360e+02
   2.842868531229e+02
   2.847463177855e+02
   2.851925243605e+02
   2.856258449464e+02
   2.860466418260e+02
   2.864552676868e+02
   2.868520658386e+02
   2.872373704292e+02
   2.876115066564e+02
   2.879747909780e+02
   2.883275313186e+02
   2.886700272730e+02
   2.890025703068e+02
   2.893254439536e+02
   2.896389240090e+02
   2.899432787212e+02
   2.902387689780e+02
   2.905256484910e+02
   2.908041639754e+02
   2.910745553274e+02
   2.913370557971e+02
   2.915918921591e+02
   2.918392848782e+02
   2.920794482732e+02
   2.923125906758e+02
   2.925389145875e+02
   2.927586168317e+02
   2.929718887036e+02
   2.931789161162e+02
   2.933798797428e+02
   2.935749551572e+02
   2.937643129693e+02
   2.939481189587e+02
   2.941265342046e+02
   2.942997152127e+02
   2.944678140393e+02
   2.946309784117e+02
   2.947893518468e+02
   2.949430737655e+02
   2.950922796054e+02
   2.952371009303e+02
   2.953776655362e+02
   2.955140975560e+02
   2.956465175608e+02
   2.957750426580e+02
   2.958997865885e+02
   2.960208598197e+02
   2.961383696373e+02
   2.962524202339e+02
   2.963631127960e+02
   2.964705455882e+02
   2.965748140350e+02
   2.966760108015e+02
   2.967742258705e+02
   2.968695466186e+02
   2.969620578901e+02
   2.970518420683e+02
   2.971389791457e+02
   2.972235467916e+02
   2.973056204187e+02
   2.973852732467e+02
   2.974625763654e+02
   2.975375987953e+02
   2.976104075466e+02
   2.976810676770e+02
   2.977496423476e+02
   2.978161928770e+02
   2.978807787947e+02
   2.979434578920e+02
   2.980042862723e+02
   2.980633183996e+02
   2.981206071458e+02
   2.981762038365e+02
   2.982301582956e+02
   2.982825188891e+02
   2.983333325667e+02
   2.983826449030e+02
   2.984305001373e+02
   2.984769412125e+02
   2.985220098122e+02
   2.985657463978e+02
   2.986081902435e+02
   2.986493794710e+02
   2.986893510833e+02
   2.987281409964e+02
   2.987657840719e+02
   2.988023141471e+02
   2.988377640649e+02
   2.988721657030e+02
   2.989055500019e+02
   2.989379469922e+02
   2.989693858213e+02
   2.989998947790e+02
   2.990295013229e+02
   2.990582321022e+02
   2.990861129818e+02
   2.991131690650e+02
   2.991394247159e+02
   2.991649035809e+02
   2.991896286099e+02
   2.992136220766e+02
   2.992369055982e+02
   2.992595001550e+02
   2.992814261086e+02
   2.993027032204e+02
   2.993233506691e+02
   2.993433870678e+02
   2.993628304806e+02
   2.993816984387e+02
   2.994000079561e+02
   2.994177755448e+02
   2.994350172295e+02
   2.994517485620e+02
   2.994679846349e+02
   2.994837400956e+02
   2.994990291586e+02
   2.995138656191e+02
   2.995282628647e+02
   2.995422338877e+02
   2.995557912967e+02
   2.995689473278e+02
   2.995817138557e+02
   2.995941024043e+02
   2.996061241569e+02
   2.996177899664e+02
   2.996291103651e+02
   2.996400955740e+02
   2.996507555118e+02
   2.996610998044e+02
   2.996711377928e+02
   2.996808785422e+02
   2.996903308496e+02
   2.996995032519e+02
   2.997084040336e+02
   2.997170412345e+02
   2.997254226563e+02
   2.997335558701e+02
   2.997414482232e+02
   2.997491068455e+02
   2.997565386560e+02
   2.997637503691e+02
   2.997707485007e+02
   2.997775393737e+02
   2.997841291242e+02
   2.997905237065e+02
   2.997967288990e+02
