   1.421714059499e+05
   1.363385984986e+05
   1.307402875406e+05
   1.253671519920e+05
   1.202102392111e+05
   1.152609504755e+05
   1.105110270304e+05
   1.059525366862e+05
   1.015778609438e+05
   9.737968262699e+04
   9.335097400076e+04
   8.948498535856e+04
   8.577523405809e+04
   8.221549398911e+04
   7.879978545576e+04
   7.552236545738e+04
   7.237771835194e+04
   6.936054688712e+04
   6.646576358466e+04
   6.368848246384e+04
   6.102401109101e+04
   5.846784294220e+04
   5.601565006650e+04
   5.366327603843e+04
   5.140672918785e+04
   4.924217609659e+04
   4.716593535121e+04
   4.517447154188e+04
   4.326438949763e+04
   4.143242874875e+04
   3.967545820733e+04
   3.799047105739e+04
   3.637457984634e+04
   3.482501176988e+04
   3.333910414265e+04
   3.191430004738e+04
   3.054814415557e+04
   2.923827871279e+04
   2.798243968224e+04
   2.677845304037e+04
   2.562423121842e+04
   2.451776968433e+04
   2.345714365934e+04
   2.244050496404e+04
   2.146607898882e+04
   2.053216178367e+04
   1.963711726289e+04
   1.877937451987e+04
   1.795742524787e+04
   1.716982126249e+04
   1.641517212185e+04
   1.569214284070e+04
   1.499945169461e+04
   1.433586811083e+04
   1.370021064245e+04
   1.309134502230e+04
   1.250818229385e+04
   1.194967701574e+04
   1.141482553720e+04
   1.090266434155e+04
   1.041226845509e+04
   9.942749918789e+03
   9.493256320327e+03
   9.062969384060e+03
   8.651103616705e+03
   8.256905006489e+03
   7.879649773672e+03
   7.518643170427e+03
   7.173218328125e+03
   6.842735150159e+03
   6.526579248517e+03
   6.224160922363e+03
   5.934914177002e+03
   5.658295781600e+03
   5.393784364160e+03
   5.140879542272e+03
   4.899101088233e+03
   4.667988127172e+03
   4.447098366894e+03
   4.236007358177e+03
   4.034307784336e+03
   3.841608778884e+03
   3.657535270200e+03
   3.481727352119e+03
   3.313839679441e+03
   3.153540887359e+03
   3.000513033881e+03
   2.854451064317e+03
   2.715062296984e+03
   2.582065929265e+03
   2.455192563251e+03
   2.334183750164e+03
   2.218791552837e+03
   2.108778125530e+03
   2.003915310406e+03
   1.903984250003e+03
   1.808775015065e+03
   1.718086247145e+03
   1.631724815376e+03
   1.549505486860e+03
   1.471250610139e+03
   1.396789811226e+03
   1.325959701702e+03
   1.258603598410e+03
   1.194571254267e+03
   1.133718599782e+03
   1.075907494836e+03
   1.021005490331e+03
   9.688855993014e+02
   9.194260771430e+02
   8.725102105654e+02
   8.280261149477e+02
   7.858665397533e+02
   7.459286816893e+02
   7.081140053022e+02
   6.723280707175e+02
   6.384803682389e+02
   6.064841595378e+02
   5.762563251695e+02
   5.477172181689e+02
   5.207905234816e+02
   4.954031230033e+02
   4.714849660014e+02
   4.489689447093e+02
   4.277907748855e+02
   4.078888811433e+02
   3.892042868604e+02
   3.716805084878e+02
   3.552634540829e+02
   3.399013259008e+02
   3.255445268813e+02
   3.121455708777e+02
   2.996589964796e+02
   2.880412842862e+02
   2.772507774941e+02
   2.672476056674e+02
   2.579936115640e+02
   2.494522808969e+02
   2.415886749138e+02
   2.343693656838e+02
   2.277623739818e+02
   2.217371096698e+02
   2.162643144744e+02
   2.113160070653e+02
   2.068654303436e+02
   2.028870008528e+02
   1.993562602261e+02
   1.962498285913e+02
   1.935453598535e+02
   1.912214987822e+02
   1.892578398299e+02
   1.876348876142e+02
   1.863340189964e+02
   1.853374466936e+02
   1.846281843619e+02
   1.841900130946e+02
   1.840074492756e+02
   1.840657137370e+02
   1.843507021670e+02
   1.848489567186e+02
   1.855476387717e+02
   1.864345028019e+02
   1.874978713117e+02
   1.887266107827e+02
   1.901101086062e+02
   1.916382509550e+02
   1.933014015575e+02
   1.950903813376e+02
   1.969964488876e+02
   1.990112817387e+02
   2.011269583984e+02
   2.033359411233e+02
   2.056310593986e+02
   2.080054940951e+02
   2.104527622768e+02
   2.129667026337e+02
   2.155414615136e+02
   2.181714795287e+02
   2.208514787161e+02
   2.235764502262e+02
   2.263416425215e+02
   2.291425500627e+02
   2.319749024635e+02
   2.348346540952e+02
   2.377179741224e+02
   2.406212369533e+02
   2.435410130871e+02
   2.464740603423e+02
   2.494173154517e+02
   2.523678860080e+02
   2.553230427460e+02
   2.582802121487e+02
   2.612369693632e+02
   2.641910314139e+02
   2.671402507017e+02
   2.700826087765e+02
   2.730162103730e+02
   2.759392776983e+02
   2.788501449614e+02
   2.817472531342e+02
   2.846291449362e+02
   2.874944600311e+02
   2.903419304292e+02
   2.931703760859e+02
   2.959787006884e+02
   2.987658876230e+02
   3.015309961158e+02
   3.042731575396e+02
   3.069915718796e+02
   3.096855043525e+02
   3.123542821717e+02
   3.149972914531e+02
   3.176139742553e+02
   3.202038257497e+02
   3.227663915132e+02
   3.253012649408e+02
   3.278080847709e+02
   3.302865327205e+02
   3.327363312245e+02
   3.351572412751e+02
   3.375490603577e+02
   3.399116204783e+02
   3.422447862796e+02
   3.445484532411e+02
   3.468225459608e+02
   3.490670165141e+02
   3.512818428867e+02
   3.534670274800e+02
   3.556225956833e+02
   3.577485945123e+02
   3.598450913097e+02
   3.619121725064e+02
   3.639499424392e+02
   3.659585222247e+02
   3.679380486848e+02
   3.698886733234e+02
   3.718105613509e+02
   3.737038907551e+02
   3.755688514167e+02
   3.774056442666e+02
   3.792144804843e+02
   3.809955807344e+02
   3.827491744413e+02
   3.844754990982e+02
   3.861747996115e+02
   3.878473276761e+02
   3.894933411834e+02
   3.911131036580e+02
   3.927068837234e+02
   3.942749545945e+02
   3.958175935967e+02
   3.973350817094e+02
   3.988277031335e+02
   4.002957448814e+02
   4.017394963892e+02
   4.031592491492e+02
   4.045552963626e+02
   4.059279326107e+02
   4.072774535447e+02
   4.086041555925e+02
   4.099083356821e+02
   4.111902909806e+02
   4.124503186484e+02
   4.136887156081e+02
   4.149057783259e+02
   4.161018026079e+02
   4.172770834070e+02
   4.184319146431e+02
   4.195665890338e+02
   4.206813979364e+02
   4.217766311996e+02
   4.228525770259e+02
   4.239095218424e+02
   4.249477501813e+02
   4.259675445684e+02
   4.269691854194e+02
   4.279529509450e+02
   4.289191170619e+02
   4.298679573119e+02
   4.307997427868e+02
   4.317147420600e+02
   4.326132211239e+02
   4.334954433333e+02
   4.343616693535e+02
   4.352121571141e+02
   4.360471617675e+02
   4.368669356520e+02
   4.376717282588e+02
   4.384617862042e+02
   4.392373532043e+02
   4.399986700545e+02
   4.407459746123e+02
   4.414795017828e+02
   4.421994835080e+02
   4.429061487589e+02
   4.435997235299e+02
   4.442804308367e+02
   4.449484907158e+02
   4.456041202271e+02
   4.462475334578e+02
   4.468789415295e+02
   4.474985526060e+02
   4.481065719039e+02
   4.487032017047e+02
   4.492886413676e+02
   4.498630873455e+02
   4.504267332004e+02
   4.509797696221e+02
   4.515223844461e+02
   4.520547626747e+02
   4.525770864969e+02
   4.530895353117e+02
   4.535922857499e+02
   4.540855116986e+02
   4.545693843255e+02
   4.550440721038e+02
   4.555097408386e+02
   4.559665536926e+02
   4.564146712139e+02
   4.568542513625e+02
   4.572854495387e+02
   4.577084186109e+02
   4.581233089448e+02
   4.585302684311e+02
   4.589294425155e+02
   4.593209742278e+02
   4.597050042109e+02
   4.600816707507e+02
   4.604511098059e+02
   4.608134550375e+02
   4.611688378390e+02
   4.615173873657e+02
   4.618592305653e+02
   4.621944922071e+02
   4.625232949121e+02
   4.628457591826e+02
   4.631620034322e+02
   4.634721440149e+02
   4.637762952548e+02
   4.640745694753e+02
   4.643670770282e+02
   4.646539263231e+02
   4.649352238555e+02
   4.652110742360e+02
   4.654815802186e+02
   4.657468427287e+02
   4.660069608913e+02
   4.662620320586e+02
   4.665121518379e+02
   4.667574141183e+02
   4.669979110981e+02
   4.672337333117e+02
   4.674649696557e+02
   4.676917074153e+02
   4.679140322905e+02
   4.681320284215e+02
   4.683457784141e+02
   4.685553633650e+02
   4.687608628866e+02
   4.689623551312e+02
   4.691599168158e+02
   4.693536232455e+02
   4.695435483377e+02
   4.697297646447e+02
   4.699123433777e+02
   4.700913544288e+02
   4.702668663937e+02
   4.704389465940e+02
   4.706076610988e+02
   4.707730747465e+02
   4.709352511659e+02
   4.710942527973e+02
   4.712501409129e+02
   4.714029756375e+02
   4.715528159684e+02
   4.716997197952e+02
   4.718437439193e+02
   4.719849440732e+02
   4.721233749391e+02
   4.722590901681e+02
   4.723921423979e+02
   4.725225832715e+02
   4.726504634543e+02
   4.727758326524e+02
   4.728987396292e+02
   4.730192322225e+02
   4.731373573616e+02
   4.732531610832e+02
   4.733666885480e+02
   4.734779840563e+02
   4.735870910637e+02
   4.736940521969e+02
   4.737989092682e+02
   4.739017032908e+02
   4.740024744935e+02
   4.741012623350e+02
   4.741981055179e+02
   4.742930420028e+02
   4.743861090221e+02
   4.744773430934e+02
