   3.902289962769e+01
   3.493896865845e+01
   3.122920417786e+01
   2.786229324341e+01
   2.480945014954e+01
   2.204420661926e+01
   1.954223251343e+01
   1.728116607666e+01
   1.524045562744e+01
   1.340122127533e+01
   1.174611759186e+01
   1.025921249390e+01
   8.925877571106e+00
   7.732678890228e+00
   6.667288780212e+00
   5.718391895294e+00
   4.875606536865e+00
   4.129411220551e+00
   3.471073389053e+00
   2.892587184906e+00
   2.386615753174e+00
   1.946436524391e+00
   1.565892219543e+00
   1.239345073700e+00
   9.616348743439e-01
   7.280404567719e-01
   5.342438220978e-01
   3.762976229191e-01
   2.505950033665e-01
   1.538415551186e-01
   8.303008973598e-02
   3.541688621044e-02
   8.500136435032e-03
   0.000000000000e+00
   7.840276695788e-03
   3.013154305518e-02
   6.515564024448e-02
   1.113513931632e-01
   1.673015207052e-01
   2.317205071449e-01
   3.034435808659e-01
   3.814164996147e-01
   4.646860957146e-01
   5.523917675018e-01
   6.437575221062e-01
   7.380847334862e-01
   8.347452282906e-01
   9.331756830215e-01
   1.032871365547e+00
   1.133381485939e+00
   1.234303951263e+00
   1.335281491280e+00
   1.435997605324e+00
   1.536172270775e+00
   1.635559439659e+00
   1.733943581581e+00
   1.831136703491e+00
   1.926975965500e+00
   2.021321296692e+00
   2.114053249359e+00
   2.205070972443e+00
   2.294290304184e+00
   2.381642341614e+00
   2.467071771622e+00
   2.550535202026e+00
   2.632000684738e+00
   2.711445808411e+00
   2.788856983185e+00
   2.864228487015e+00
   2.937561511993e+00
   3.008863210678e+00
   3.078146219254e+00
   3.145428419113e+00
   3.210730791092e+00
   3.274078845978e+00
   3.335501194000e+00
   3.395028591156e+00
   3.452694416046e+00
   3.508533716202e+00
   3.562583684921e+00
   3.614882230759e+00
   3.665468692780e+00
   3.714382648468e+00
   3.761665105820e+00
   3.807356595993e+00
   3.851498603821e+00
   3.894131898880e+00
   3.935298204422e+00
   3.975037813187e+00
   4.013391971588e+00
   4.050400733948e+00
   4.086103439331e+00
   4.120540142059e+00
   4.153749465942e+00
   4.185769081116e+00
   4.216636180878e+00
   4.246387958527e+00
   4.275060176849e+00
   4.302687644958e+00
   4.329305171967e+00
