  -1.865976742010e-06
  -1.060311873857e-07
   1.332301621915e-06
   1.431894247617e-07
   1.149377226284e-06
   2.188205456832e-07
   1.086203155864e-06
   2.183144971468e-07
   9.944193379852e-07
   2.946935921955e-07
   9.558257261233e-07
  -2.512616106287e-07
  -9.649547791923e-07
  -2.690504175007e-07
   9.270339660361e-07
   2.767766318357e-07
  -9.174020192404e-07
  -2.769532443381e-07
   8.594663540862e-07
   4.001760487427e-07
  -9.087826811083e-07
  -5.457366683004e-07
   1.170230007119e-06
   5.153017355042e-07
  -7.108069439710e-07
  -1.798032940314e-07
  -9.101869835604e-08
   4.242164948209e-07
   2.613588492295e-07
   8.746965107775e-08
  -1.146797359297e-07
  -3.920649476186e-07
  -3.298524120510e-07
  -8.039135934723e-08
  -6.016410480925e-08
   4.696816446881e-08
   2.001295200671e-07
   2.751931731382e-07
   2.774393692562e-07
   2.357398614095e-07
  -1.767123904983e-07
  -1.232133257645e-07
  -8.235721082883e-08
  -7.129961687724e-08
  -1.148449442212e-07
  -1.993873723904e-07
  -2.657993150024e-07
  -2.627747051065e-07
   2.006480031014e-07
   1.331314365416e-07
   9.786195676043e-08
   1.033993939359e-07
   1.482247995455e-07
  -1.985704614071e-07
  -1.792706996184e-07
  -6.605095137502e-08
   4.499985095663e-08
   5.238963396437e-08
   9.111129628536e-09
   3.860289865543e-08
   1.320414977357e-08
  -3.331413012120e-08
  -7.434436355425e-08
   5.130539548759e-08
  -8.791911909611e-08
  -2.606835494134e-07
  -3.387810920685e-07
   3.643738750725e-07
   4.671592535033e-07
   6.285208087320e-07
   7.394301064778e-07
  -7.753201316518e-07
  -7.619387929481e-07
  -7.329967388614e-07
  -7.499508001274e-07
   7.649210260752e-07
   6.004216857036e-07
   2.657995707978e-07
   1.603026333896e-08
   4.921262686253e-08
   1.107182754367e-07
   3.271387356563e-07
  -6.689658675896e-07
  -9.482076279710e-07
  -9.665621973909e-07
  -8.300416425300e-07
   8.636590109745e-07
   1.025304868563e-06
   9.293738685301e-07
   5.363818331716e-07
  -1.943973870766e-07
  -5.014365100919e-08
   1.055565661545e-07
  -5.185596023694e-07
  -1.121844547924e-06
  -1.515338453828e-06
   1.567751951370e-06
   1.729494215397e-06
   2.230739937659e-06
   2.607283704492e-06
  -2.519421059333e-06
  -2.262778025397e-06
  -2.198286892963e-06
   2.263007900183e-06
   2.089789632009e-06
   1.511716050118e-06
  -9.135785035141e-07
  -6.449404850173e-07
  -3.678754296743e-07
   2.801656080464e-07
  -9.873920134851e-07
  -1.368044081573e-06
  -1.528473489998e-06
   1.761146904755e-06
   2.149524561901e-06
   2.431506345602e-06
  -2.311958041901e-06
  -1.975894974748e-06
  -1.755063976816e-06
   1.504740453129e-06
   9.775433227333e-07
   2.851044200725e-07
   4.130522199830e-07
   1.123126594393e-06
   1.926200411617e-06
  -2.894254066632e-06
  -3.894535893778e-06
  -4.717270257970e-06
   5.436746960186e-06
   6.189335181261e-06
   6.905500868015e-06
  -7.529499725933e-06
  -8.022081601666e-06
  -8.297653948830e-06
   8.426340173173e-06
   8.464128768537e-06
   8.279912435682e-06
  -7.889326298027e-06
  -7.443387403328e-06
  -6.916645361343e-06
   6.228864094737e-06
   5.369749032980e-06
   4.372025614430e-06
  -3.345813411215e-06
  -2.263590431539e-06
  -9.848931767920e-07
  -3.106614485660e-07
  -1.383745257044e-06
  -2.418538542770e-06
   3.597469913075e-06
   4.742694727611e-06
   5.668035555573e-06
  -6.432543614210e-06
  -7.247286248457e-06
  -8.115648597595e-06
   8.691026778251e-06
   8.916822480387e-06
   9.179168955598e-06
  -9.466604751651e-06
  -9.415492968401e-06
   9.101220712182e-06
   8.814110515232e-06
   8.522488315066e-06
  -8.041035471251e-06
  -7.351628482866e-06
  -6.635549198108e-06
   5.937769856246e-06
   5.039716597821e-06
   3.968807504862e-06
  -2.964664872707e-06
  -1.928430265252e-06
  -7.753505428809e-07
  -2.333948003752e-07
  -1.036925937115e-06
   1.827510800467e-06
   2.639937065396e-06
   3.423189355090e-06
  -4.214004547975e-06
  -5.139741006133e-06
  -6.205235877133e-06
   7.142875801947e-06
   7.857634955144e-06
  -8.476946277369e-06
  -8.833688298182e-06
  -8.869944394974e-06
   8.991480171971e-06
   9.320310709882e-06
   9.578495337337e-06
  -9.661420335760e-06
  -9.585828593117e-06
  -9.400622730027e-06
   8.991149115900e-06
   8.428145520156e-06
  -8.153440830938e-06
  -8.095250450424e-06
  -7.715755600657e-06
   6.993980150583e-06
   6.268910055951e-06
  -5.551928097702e-06
  -4.869416443398e-06
  -4.317507773521e-06
   3.719967025972e-06
   2.839537273758e-06
  -1.688301495051e-06
  -6.437892920985e-07
   4.801805530974e-08
  -7.844653850952e-07
  -1.855225946201e-06
   3.024142188224e-06
   4.118909146200e-06
   5.036917627876e-06
  -5.825860625919e-06
  -6.819179361628e-06
   7.978012035892e-06
   8.970420822152e-06
  -9.743745067681e-06
  -1.044586679200e-05
  -1.130687996920e-05
   1.228136352438e-05
   1.299538962485e-05
  -1.340327526123e-05
  -1.386585608998e-05
   1.488304860686e-05
   1.595911635377e-05
  -1.355073527520e-05
  -9.271966519009e-06
   1.302765213040e-05
  -2.868048250093e-05
  -2.037560079771e-06
   5.659035196004e-07
   3.303890991901e-07
  -4.275645551388e-05
   1.088800800630e-07
  -8.682623331424e-08
   1.325698946175e-07
   5.780546530332e-08
  -6.030465016238e-09
  -4.995111521566e-05
   1.052152427405e-07
   1.881410014448e-07
   3.385807190170e-08
  -2.259603490984e-07
  -5.290767148836e-05
  -2.557880804943e-07
   6.193744184202e-08
  -1.458580811686e-07
  -2.154016982558e-07
  -8.504519399821e-08
   8.792297023774e-08
  -4.598754821927e-05
   1.126224660197e-07
   8.727597844427e-08
   1.216908884771e-07
   8.545207208499e-08
  -5.143320080947e-08
  -1.241727289880e-07
  -3.008528801729e-05
  -8.926436834145e-08
  -1.595762100237e-08
   5.341455988628e-08
   1.523221548894e-08
  -1.945533796288e-07
  -4.040983014875e-07
  -4.310727774737e-07
   3.359520235335e-07
  -1.506633338977e-06
  -2.288532670036e-07
  -1.089632917228e-07
   1.396350768346e-08
   2.376415686456e-08
  -8.571770138133e-08
  -8.877451307399e-08
   5.476264419713e-08
   5.813488712647e-08
  -2.675506038941e-05
  -6.576056676977e-08
  -2.024005141266e-08
  -3.033096618310e-08
  -1.671665295078e-08
  -2.790243947004e-08
  -2.756894801337e-08
  -1.692313844615e-08
  -4.203261028124e-08
  -1.725151221876e-08
  -2.708775781457e-08
  -5.378092464525e-05
  -5.090198840207e-08
  -4.575541723284e-08
  -2.762451245530e-08
  -1.210056055356e-08
  -3.906472034743e-09
  -9.132130052159e-10
  -1.464897092518e-10
  -2.700429073063e-12
  -1.295121643393e-13
  -6.131896225270e-05
  -6.513313564938e-05
   4.808371159015e-05
   2.400790253887e-05
  -3.783647844102e-05
   7.078842463670e-05
   1.109464719775e-04
   1.082679955289e-04
  -1.549716017735e-07
  -1.307983620791e-04
  -2.647688670550e-04
   2.066878660116e-04
  -1.570854365127e-04
  -1.598691233085e-05
   2.065446897177e-04
  -2.591931843199e-04
   3.736400394700e-04
  -2.489179314580e-04
   1.254646922462e-04
  -3.385832824279e-04
  -3.403486334719e-04
  -3.598752664402e-04
  -2.355667384109e-04
   6.152541609481e-04
   9.002473088913e-04
   6.228238344193e-04
   3.489634837024e-04
  -4.939359496348e-04
   6.200342904776e-04
   1.509183901362e-03
   8.209243533202e-04
   2.481561095919e-04
  -4.704557941295e-04
   2.003109082580e-03
  -1.734220306389e-03
   9.411144856131e-05
   9.841426071944e-05
  -2.367189154029e-03
  -2.896656747907e-03
  -6.235369946808e-04
  -4.913408774883e-04
   2.539288252592e-03
   4.373720847070e-03
   1.794329378754e-03
   2.849142765626e-03
   1.205427804962e-03
  -2.268982352689e-03
  -6.270876619965e-03
  -2.846109448001e-03
  -4.061566665769e-03
  -2.613984746858e-03
   1.578944036737e-03
   8.188406005502e-03
   4.079941660166e-03
   5.305357743055e-03
  -4.127969499677e-03
  -4.033333098050e-04
   9.717045351863e-03
  -5.208915099502e-03
   6.346803158522e-03
  -6.254756823182e-03
  -6.238545756787e-03
  -6.089695729315e-03
  -5.415258463472e-03
  -1.507707056589e-03
   1.088877767324e-02
   7.661048322916e-03
   9.094302542508e-03
   9.864611551166e-03
   1.003631111234e-02
   4.894674755633e-03
  -1.841862127185e-02
  -1.417107135057e-02
  -1.639785990119e-02
  -1.723793521523e-02
  -1.055199839175e-02
   2.986146137118e-02
   2.369117736816e-02
   1.652507111430e-02
  -4.132184386253e-02
   3.447476774454e-02
  -2.592470310628e-02
  -5.724394693971e-02
   3.408492356539e-02
  -7.327435165644e-02
  -4.640736058354e-02
   9.451308101416e-02
   6.315650045872e-02
  -1.224000230432e-01
  -8.570053428411e-02
   1.585424393415e-01
   1.175120025873e-01
  -1.647577732801e-01
   2.314200550318e-01
   1.770039051771e-01
  -2.406671643257e-01
   2.689374685287e-01
  -2.943215966225e-01
   3.160361349583e-01
  -3.308070003986e-01
   3.343023955822e-01
  -3.202474713326e-01
   3.144871294498e-01
  -1.872345358133e-01
   1.406349986792e-01
